0
0
0
0
0
0
0
0
0
0
0
0
0
0
0
0
1
1
1
1
1
1
1
1
1
1
1
1
1
9
9
9
9
9
9
9
9
9
1
1
5
5
5
5
2
2
2
2
2
2
2
2
2
2
2
5
5
5
3
5
3
3
3
3
3
3
3
3
3
3
3
3
3
3
14
14
14
14
14
14
14
14
14
14
14
14
5
5
4
4
4
4
4
4
4
4
4
4
4
4
4
4
4
4
5
5
2
2
2
2
2
6
6
6
7
7
7
7
7
7
7
7
8
6
6
6
6
6
7
15
15
15
15
15
15
15
7
7
7
7
7
13
13
13
13
13
13
13
13
8
8
8
8
8
8
8
8
8
8
7
7
8
8
8
9
9
9
9
9
9
10
10
10
10
10
10
10
10
10
10
10
10
10
10
10
6
6
6
6
6
5
5
5
5
6
9
10
1
11
11
11
11
11
11
11
11
11
11
11
11
12
11
11
11
12
12
12
12
12
12
12
12
12
12
12
12
12
12
11
3
12
14
13
13
13
13
13
13
8
8
14
14
14
6
6
13
13
15
15
15
15
15
15
