1
1
1
1
1
1
1
1
1
1
1
1
1
1
1
1
2
2
2
2
2
2
2
2
2
2
2
2
2
3
3
3
3
3
3
3
3
3
2
2
4
4
4
4
5
5
5
5
5
5
5
5
5
5
5
4
4
4
6
4
6
6
6
6
6
6
6
6
6
6
6
6
6
6
7
7
7
7
7
7
7
7
7
7
7
7
4
4
8
8
8
8
8
8
8
8
8
8
8
8
8
8
8
8
4
4
5
5
5
5
5
9
9
9
0
0
0
0
0
0
0
0
10
9
9
9
9
9
0
0
0
0
0
0
0
0
0
0
0
0
0
14
14
14
14
14
14
14
14
10
10
10
10
10
10
10
10
10
10
0
0
10
10
10
3
3
3
3
3
3
11
11
11
11
11
11
11
11
11
11
11
11
11
11
11
9
9
9
9
9
4
4
4
4
9
3
11
2
12
12
12
12
12
12
12
12
12
12
12
12
13
12
12
12
13
13
13
13
13
13
13
13
13
13
13
13
13
13
12
6
13
7
14
14
14
14
14
14
10
10
7
7
7
9
9
14
14
0
0
0
0
0
0
0
0
0
