0
0
0
0
0
0
0
0
0
0
0
0
0
0
0
0
1
1
1
1
1
1
1
1
1
1
1
1
1
2
2
2
2
2
2
2
2
2
1
1
3
3
3
3
7
7
7
7
7
7
7
7
7
7
7
3
3
3
4
3
4
4
4
4
4
4
4
4
4
4
4
4
4
4
15
15
15
15
15
15
15
15
15
15
15
15
3
3
6
6
6
6
6
6
6
6
6
6
6
6
6
6
6
6
3
3
7
7
7
7
7
11
11
11
9
9
9
9
9
9
9
9
5
11
11
11
11
11
9
8
8
8
8
8
8
8
9
9
9
9
9
14
14
14
14
14
14
14
14
5
5
5
5
5
5
5
5
5
5
9
9
5
5
5
2
2
2
2
2
2
10
10
10
10
10
10
10
10
10
10
10
10
10
10
10
11
11
11
11
11
3
3
3
3
11
2
10
1
12
12
12
12
12
12
12
12
12
12
12
12
13
12
12
12
13
13
13
13
13
13
13
13
13
13
13
13
13
13
12
4
13
15
14
14
14
14
14
14
5
5
15
15
15
11
11
14
14
8
8
8
8
8
8
8
8
8
