0
0
0
0
0
0
0
0
0
0
0
0
0
0
0
0
1
1
1
1
1
1
1
1
1
1
1
1
1
9
9
9
9
9
9
9
9
9
1
1
2
2
2
2
6
6
6
6
6
6
6
6
6
6
6
2
2
2
3
2
3
3
3
3
3
3
3
3
3
3
3
3
3
3
4
4
4
4
4
4
4
4
4
4
4
4
2
2
5
5
5
5
5
5
5
5
5
5
5
5
5
5
5
5
2
2
6
6
6
6
6
11
11
11
7
7
7
7
7
7
7
7
8
11
11
11
11
11
7
15
15
15
15
15
15
15
7
7
7
7
7
14
14
14
14
14
14
14
14
8
8
8
8
8
8
8
8
8
8
7
7
8
8
8
9
9
9
9
9
9
10
10
10
10
10
10
10
10
10
10
10
10
10
10
10
11
11
11
11
11
2
2
2
2
11
9
10
1
12
12
12
12
12
12
12
12
12
12
12
12
13
12
12
12
13
13
13
13
13
13
13
13
13
13
13
13
13
13
12
3
13
4
14
14
14
14
14
14
8
8
4
4
4
11
11
14
14
15
15
15
15
15
15
15
15
15
