0	1
0	19
1	2
1	5
2	3
2	21
2	19
3	4
3	5
3	14
4	6
4	7
4	21
5	17
6	39
6	34
6	22
7	8
7	14
7	39
8	9
8	247
8	13
9	10
9	11
9	246
10	247
10	324
10	321
11	12
11	13
11	15
12	18
12	16
13	14
13	18
14	17
15	16
15	245
15	246
16	244
17	18
19	20
20	21
20	23
21	22
22	23
22	24
23	25
24	25
24	40
24	34
25	26
26	27
26	40
27	28
27	30
28	29
28	40
28	32
29	30
29	31
29	249
30	327
31	32
31	250
31	254
32	33
32	259
33	34
33	40
33	36
34	35
35	36
35	38
35	39
36	37
36	259
37	38
37	41
37	258
38	247
38	321
39	247
41	42
41	43
41	321
42	258
42	55
42	45
43	44
43	45
43	322
44	46
44	325
44	50
45	325
45	54
46	47
46	322
46	323
47	48
47	50
47	231
48	49
48	229
48	232
49	50
49	227
49	228
50	51
51	52
51	227
51	325
52	53
52	226
52	328
53	54
53	325
53	62
54	55
54	57
55	56
55	257
56	57
56	61
56	59
57	58
57	62
58	59
58	277
58	63
59	60
59	278
60	61
60	256
60	274
61	257
61	251
62	63
62	328
63	64
63	298
64	65
64	328
64	67
65	66
65	217
65	329
66	67
66	68
66	224
67	298
67	299
68	69
68	217
68	220
69	70
69	219
69	221
70	71
70	72
70	312
71	214
71	306
71	221
72	73
72	76
72	214
73	74
73	77
74	75
74	76
75	79
75	211
76	211
76	312
77	78
77	214
78	213
78	216
79	80
79	200
79	210
80	81
80	86
80	185
81	82
81	85
81	89
82	83
82	84
82	181
83	89
83	107
83	108
84	85
84	182
84	183
85	86
85	87
86	88
87	88
87	183
87	184
88	363
89	90
89	185
90	91
90	106
90	107
91	92
91	104
91	186
92	93
92	94
92	103
93	186
93	187
94	95
94	104
94	188
95	96
95	97
95	198
96	104
96	105
96	109
97	98
97	194
97	188
98	99
98	101
98	190
99	100
99	191
100	101
100	189
101	102
101	188
102	103
102	189
102	199
103	187
103	188
104	107
105	175
105	110
105	198
106	185
106	186
107	109
108	109
108	112
108	181
109	110
110	111
110	112
111	169
111	175
111	180
112	113
112	180
113	114
113	166
113	181
114	115
114	165
114	182
115	116
115	179
115	369
116	117
116	118
116	365
117	368
117	179
117	367
118	119
118	137
118	367
119	120
119	121
119	138
120	122
120	130
120	131
121	122
121	136
121	137
122	123
122	128
123	124
123	130
124	125
124	128
125	126
125	127
126	129
127	128
127	129
127	132
128	136
129	133
130	375
131	138
131	375
131	140
132	133
132	134
132	136
133	366
134	135
134	184
134	366
135	136
135	364
135	137
137	365
138	139
138	367
139	140
139	376
139	149
140	141
140	143
141	142
141	375
142	143
142	145
143	144
143	149
144	145
144	148
144	433
145	146
146	147
146	433
147	429
147	430
148	149
148	150
148	152
149	155
150	151
150	428
150	433
151	152
151	156
151	159
152	153
152	155
153	154
153	161
153	159
154	155
154	368
154	162
156	157
156	158
156	428
157	404
157	432
157	435
158	159
158	377
158	404
159	160
160	161
160	382
160	377
161	162
161	374
162	163
162	373
163	164
163	179
163	368
164	165
164	167
164	373
165	166
165	179
166	167
166	180
167	168
167	348
168	169
168	174
168	180
169	170
169	171
170	175
170	176
170	177
171	172
171	177
171	174
172	173
172	351
172	372
173	174
173	178
173	349
174	348
175	197
176	196
176	197
176	346
177	346
177	351
178	350
178	372
178	405
181	182
182	369
183	369
183	364
184	363
184	364
187	199
189	362
190	191
190	192
190	194
191	193
192	193
192	361
192	195
193	358
194	195
194	198
195	196
195	197
196	347
196	361
197	198
199	362
200	201
200	205
201	202
201	204
201	210
202	203
202	206
202	208
203	204
203	207
203	212
204	205
204	209
205	317
206	207
206	230
206	315
207	316
207	228
208	313
208	315
208	210
209	212
209	317
209	343
210	211
211	313
212	316
212	318
213	214
213	215
213	306
215	216
215	307
215	308
216	309
217	218
217	219
218	225
218	314
218	329
219	312
219	314
220	221
220	222
220	224
221	305
222	223
222	305
222	303
223	300
223	301
223	224
224	299
225	226
225	230
225	315
226	227
226	329
227	230
228	229
228	230
229	320
229	316
231	232
231	323
231	243
232	233
232	320
233	234
233	243
233	236
234	235
234	240
234	242
235	236
235	237
235	333
236	320
236	332
237	238
237	240
238	239
238	333
239	341
239	335
240	241
241	242
241	244
242	243
242	245
243	248
244	245
245	248
246	248
246	324
248	323
249	250
249	327
249	253
250	251
250	252
251	254
251	256
252	253
252	255
252	256
253	260
253	326
254	257
254	259
255	291
255	292
255	260
256	291
257	258
258	259
260	261
260	296
261	262
261	295
261	292
262	263
262	270
262	265
263	264
263	295
264	265
264	267
265	266
265	269
266	267
266	268
268	269
268	294
269	270
269	293
270	271
270	292
271	272
271	290
271	293
272	273
272	279
272	281
273	274
273	275
273	290
274	291
274	278
275	276
275	278
275	279
276	277
276	330
276	297
277	278
277	298
279	280
279	297
280	281
280	285
280	283
281	282
281	293
282	283
282	294
283	284
284	285
284	287
285	286
285	297
286	287
286	331
286	302
287	288
287	289
288	450
288	498
288	505
289	302
289	345
290	291
290	292
293	294
295	296
296	326
297	331
298	330
299	300
299	330
300	331
300	302
301	302
301	303
301	345
303	304
303	344
304	305
304	307
304	311
305	306
306	307
307	310
308	309
308	310
310	311
311	344
312	313
313	314
314	315
316	319
317	342
318	319
318	334
318	343
319	320
319	332
321	322
322	324
323	324
326	327
328	329
330	331
332	333
332	334
334	335
334	337
335	336
336	337
336	341
336	339
337	338
337	343
338	339
338	342
339	340
340	341
342	343
344	345
346	347
346	352
347	354
347	360
348	349
348	373
349	350
349	374
350	382
350	449
351	352
351	383
352	353
352	354
353	383
353	385
353	371
354	355
354	371
355	356
355	360
355	370
356	357
356	359
357	358
357	360
358	361
359	370
360	361
363	366
364	365
365	369
367	376
368	376
370	371
370	427
371	386
372	383
372	384
373	374
374	382
377	378
377	381
378	379
378	380
378	404
379	403
379	434
379	413
380	381
380	403
380	416
381	382
381	449
384	408
384	407
385	386
385	408
385	388
386	387
386	427
387	388
387	420
387	418
388	389
388	390
389	407
389	408
389	410
390	391
390	418
390	410
391	392
391	394
391	395
392	393
392	396
393	394
393	426
394	418
394	425
395	396
395	397
395	410
396	398
397	398
397	409
397	411
398	399
399	400
399	411
400	401
400	412
401	402
401	411
401	414
402	403
402	412
402	413
403	414
404	434
405	406
405	449
406	407
406	416
406	415
407	409
409	410
409	415
411	415
412	417
413	417
413	448
414	415
414	416
416	449
417	447
418	419
419	420
419	425
420	421
420	427
421	422
422	423
423	424
423	425
424	426
425	426
428	429
428	432
429	431
429	433
430	431
430	442
431	432
431	441
432	440
434	435
434	448
435	436
435	440
436	437
436	446
436	448
437	438
437	440
437	445
438	439
438	443
438	441
439	444
439	445
440	441
441	442
442	443
443	444
445	446
446	447
447	448
450	451
450	495
450	497
451	452
451	482
451	505
452	453
452	474
452	455
453	454
453	505
454	455
454	476
455	456
455	473
456	457
456	470
456	476
457	458
457	469
457	477
458	459
458	478
458	480
459	460
459	462
459	469
460	461
460	478
461	462
461	463
462	464
462	481
463	464
463	465
464	466
464	468
465	466
465	618
466	467
466	617
467	468
467	616
467	613
468	486
468	481
469	481
469	470
470	471
470	473
471	472
471	486
471	481
472	473
472	485
472	475
473	474
474	475
474	482
475	484
475	483
476	477
477	480
478	479
479	480
482	483
482	495
483	487
483	634
484	485
484	615
484	634
485	486
485	614
486	613
487	488
487	494
487	495
488	489
488	493
488	496
489	490
489	504
489	492
490	491
490	521
490	503
491	492
491	536
491	520
492	493
492	656
493	494
493	652
494	635
494	634
495	496
496	497
496	504
497	498
497	501
498	499
499	500
499	501
500	502
500	506
501	502
501	504
502	503
502	507
503	504
503	510
506	507
506	508
507	509
507	510
508	509
508	523
509	511
509	522
510	511
510	521
511	512
511	524
512	513
512	515
512	521
513	514
513	524
513	526
514	515
514	527
514	535
515	516
515	520
516	517
516	519
516	535
517	518
517	520
517	536
518	519
518	537
518	658
519	534
519	532
520	521
522	523
522	524
523	538
524	525
525	526
525	539
526	527
527	528
528	529
528	535
529	530
529	532
530	531
530	533
530	674
531	540
531	541
532	535
532	533
533	534
533	540
534	660
534	658
536	537
536	656
537	657
537	668
538	539
540	542
540	660
541	542
541	662
542	543
542	661
543	544
543	545
543	662
544	661
544	563
544	562
545	546
545	547
545	562
546	548
546	550
546	557
547	557
547	662
548	549
548	562
548	556
549	550
549	554
549	555
550	551
550	553
551	552
551	557
552	553
553	554
554	558
555	556
555	558
555	559
556	561
556	569
558	560
559	560
559	569
559	568
560	565
561	562
561	563
561	671
563	564
563	665
564	659
564	661
564	664
565	566
565	568
566	567
566	646
567	568
567	573
567	583
568	570
569	570
569	671
570	571
570	573
571	572
571	666
571	671
572	573
572	574
572	575
573	585
574	578
574	585
574	576
575	576
575	672
575	666
576	577
576	673
577	578
577	628
577	649
578	579
578	581
579	580
579	628
579	648
580	581
580	584
580	647
581	582
581	585
582	583
582	584
582	645
583	585
583	646
584	586
584	644
586	587
586	590
586	647
587	588
587	644
588	589
588	590
589	643
589	594
590	591
590	594
591	592
591	593
591	647
592	596
592	648
592	631
593	594
593	595
593	596
594	640
595	599
595	597
595	640
596	597
597	598
597	602
598	599
598	600
599	641
600	601
600	602
601	603
601	605
602	603
602	633
603	604
603	632
604	605
604	606
604	619
605	650
606	607
606	611
606	632
607	608
607	616
607	619
608	609
608	611
608	612
609	610
609	625
609	623
610	614
610	620
610	612
611	625
611	630
612	613
612	616
613	614
614	615
615	620
615	636
616	617
617	619
617	618
618	650
619	650
620	621
620	623
621	622
621	636
621	637
622	623
622	638
622	639
623	624
624	625
624	629
624	639
625	626
626	627
626	629
626	630
627	628
627	631
627	648
628	629
629	649
630	631
630	632
631	633
632	633
634	636
635	636
635	637
635	652
637	638
637	653
638	651
638	654
639	651
639	649
640	643
640	641
641	642
642	643
644	645
645	646
647	648
649	673
651	670
651	673
652	653
652	656
653	654
653	657
654	655
654	670
655	668
655	669
656	657
658	659
658	668
659	660
659	663
660	661
663	668
663	664
663	669
664	665
664	667
665	666
665	671
666	667
667	669
667	672
669	670
670	672
672	673
674	675
674	676
675	677
675	678
678	679
679	680
679	681
680	682
680	683
681	682
683	684
683	685
684	686
686	687
687	688
687	689
688	708
689	690
689	697
690	691
690	695
690	709
691	692
691	708
692	693
692	707
692	709
693	694
694	711
694	712
694	725
695	696
695	697
695	701
696	698
696	699
697	698
697	729
698	700
699	701
699	702
700	729
701	703
702	703
702	731
703	704
703	706
704	705
704	731
705	706
705	730
706	707
706	709
707	710
707	730
710	711
711	721
711	733
712	713
712	721
712	722
713	714
713	717
714	715
714	720
714	738
715	716
715	717
715	718
716	719
717	724
717	722
718	719
718	739
720	728
720	736
720	737
721	728
721	734
722	723
722	725
723	724
723	726
724	727
726	727
730	732
732	733
734	735
735	736
737	738
739	740
740	741
741	742
741	751
742	743
742	748
742	745
743	744
743	750
744	745
744	766
745	746
745	747
746	749
747	748
747	749
750	757
750	766
750	752
751	752
751	753
752	756
753	754
754	755
755	756
756	757
757	758
757	772
758	759
758	766
758	773
759	760
759	765
759	774
760	761
761	762
761	763
761	776
762	777
762	779
763	764
764	765
764	767
765	766
765	771
767	768
767	771
768	769
769	770
772	773
773	774
774	775
775	776
777	778
777	780
780	781
781	782
782	783
783	784
784	785
784	788
784	789
785	786
785	787
787	788
789	790
790	791
791	792
792	793
793	794
