2	0.8088038724399055	2	2	0
3	0.8180048296753545	0	0	0
4	0.8103358062101739	1	1	0
5	0.804551071009269	0	0	0
6	0.8028313547830495	0	0	0
7	0.8028313547830495	0	0	0
8	0.8032002314814817	0	0	0
9	0.7925674680379315	0	0	0
10	0.7925674680379315	0	0	0
11	0.7940996917066022	0	0	0
12	0.7940996917066022	0	0	0
13	0.7940996917066022	0	0	0
14	0.7940996917066022	0	0	0
15	0.7940996917066022	0	0	0
16	0.7940996917066022	0	0	0
17	0.7940996917066022	0	0	0
18	0.7940996917066022	0	0	0
19	0.7940996917066022	0	0	0
20	0.7940996917066022	0	0	0
