2	0.7886313709583496	0	0	0
3	0.7874159999999999	0	0	0
4	0.7852638037298656	2	1	1
5	0.7852638037298656	0	0	0
6	0.7852638037298656	0	0	0
7	0.8202523236939239	1	1	0
8	0.8202523236939239	0	0	0
9	0.8202523236939239	1	0	1
10	0.8202523236939239	0	0	0
11	0.8202523236939239	0	0	0
12	0.8202523236939239	1	1	0
13	0.8202523236939239	0	0	0
14	0.8202523236939239	0	0	0
15	0.8202523236939239	0	0	0
16	0.8202523236939239	0	0	0
17	0.8202523236939239	0	0	0
18	0.8202523236939239	0	0	0
19	0.8202523236939239	0	0	0
20	0.8202523236939239	0	0	0
