2	0.8570531277790557	4	4	0
3	0.8662697264314168	0	0	0
4	0.8662697264314168	0	0	0
5	0.8662697264314168	0	0	0
6	0.8666022203203022	0	0	0
7	0.8663611410646018	0	0	0
8	0.8663611410646018	0	0	0
9	0.8656271909769854	1	0	1
10	0.8656271909769854	0	0	0
11	0.8656271909769854	0	0	0
12	0.8656271909769854	0	0	0
13	0.8656271909769854	0	0	0
14	0.8656271909769854	0	0	0
15	0.8656271909769854	0	0	0
16	0.8656271909769854	0	0	0
17	0.8656271909769854	0	0	0
18	0.8656271909769854	0	0	0
19	0.8656271909769854	0	0	0
20	0.8656271909769854	0	0	0
21	0.8656271909769854	0	0	0
22	0.8656271909769854	0	0	0
23	0.8656271909769854	1	0	1
