2	0.8877214693938464	76
3	0.8873430659630925	18
4	0.8873430659630925	12
5	0.8873430659630925	10
6	0.8873430659630925	9
7	0.8821439074600533	12
8	0.8821439074600533	12
9	0.8807498856881573	17
10	0.8807498856881573	15
11	0.8807498856881573	13
12	0.8807498856881573	11
13	0.8807498856881573	15
14	0.8807498856881573	12
15	0.8807498856881573	13
16	0.8807498856881573	15
17	0.8807498856881573	29
18	0.8807498856881573	20
19	0.8807498856881573	40
20	0.8807498856881573	32
21	0.8807498856881573	18
22	0.8807498856881573	14
23	0.8807498856881573	17
