2	0.8460308602607709	9	8	1
3	0.8481029358941411	9	8	1
4	0.8496523402484084	2	1	1
5	0.8479310203441064	1	0	1
6	0.8479310203441064	0	0	0
7	0.8479310203441064	0	0	0
8	0.8479310203441064	0	0	0
9	0.8479310203441064	0	0	0
10	0.8479310203441064	0	0	0
11	0.8479310203441064	0	0	0
12	0.8479310203441064	0	0	0
13	0.8479310203441064	0	0	0
14	0.8479310203441064	0	0	0
15	0.8479310203441064	1	0	1
16	0.8479310203441064	0	0	0
17	0.8479310203441064	0	0	0
18	0.8479310203441064	0	0	0
19	0.8479310203441064	0	0	0
20	0.8479310203441064	1	0	1
21	0.8479310203441064	0	0	0
22	0.8479310203441064	0	0	0
23	0.8479310203441064	0	0	0
24	0.8479310203441064	0	0	0
25	0.8479310203441064	0	0	0
