2	0.8454387777246317	63
3	0.8518232308935269	26
4	0.8558627317554098	32
5	0.853169744415586	24
6	0.853169744415586	19
7	0.853169744415586	17
8	0.853169744415586	17
9	0.853169744415586	53
10	0.853169744415586	17
11	0.853169744415586	15
12	0.853169744415586	10
13	0.853169744415586	9
14	0.853169744415586	10
15	0.853169744415586	7
16	0.853169744415586	9
17	0.853169744415586	10
18	0.853169744415586	9
19	0.853169744415586	7
20	0.853169744415586	8
21	0.853169744415586	8
22	0.853169744415586	14
23	0.853169744415586	9
24	0.853169744415586	27
25	0.853169744415586	39
