2	0.8475366709183674	3	2	1
3	0.8498818922325069	4	3	1
4	0.846934350587637	1	0	1
5	0.8459945552050744	0	0	0
6	0.8459945552050744	0	0	0
7	0.8459945552050744	0	0	0
8	0.8459945552050744	0	0	0
9	0.8459945552050744	0	0	0
10	0.8459945552050744	0	0	0
11	0.8459945552050744	0	0	0
12	0.8459945552050744	1	1	0
13	0.8459945552050744	0	0	0
14	0.8459945552050744	0	0	0
15	0.8459945552050744	0	0	0
16	0.8459945552050744	0	0	0
17	0.8459945552050744	0	0	0
18	0.8459945552050744	0	0	0
19	0.8459945552050744	0	0	0
20	0.8459945552050744	0	0	0
21	0.8459945552050744	1	1	0
22	0.8459945552050744	0	0	0
23	0.8459945552050744	0	0	0
24	0.8459945552050744	0	0	0
25	0.8459945552050744	0	0	0
