2	0.8454387777246317	48
3	0.8518232308935269	10
4	0.8558627317554098	13
5	0.853169744415586	13
6	0.853169744415586	7
7	0.853169744415586	10
8	0.853169744415586	5
9	0.853169744415586	12
10	0.853169744415586	7
11	0.853169744415586	9
12	0.853169744415586	7
13	0.853169744415586	6
14	0.853169744415586	6
15	0.853169744415586	6
16	0.853169744415586	5
17	0.853169744415586	6
18	0.853169744415586	4
19	0.853169744415586	5
20	0.853169744415586	5
21	0.853169744415586	5
22	0.853169744415586	4
23	0.853169744415586	6
24	0.853169744415586	5
25	0.853169744415586	6
