0.8038483482500843	113
0.76264102367674	76
0.7307363216195846	90
0.6848839054997711	110
0.684233812946876	122
0.675076027007231	129
0.665062234987585	143
0.6589431526586472	143
0.6534215398551789	173
0.6544791186164008	163
0.6497064499613083	196
0.6430447842042418	213
0.6406415625085153	139
0.6355812632162856	113
0.6326151214741039	147
0.6314383945561153	143
0.63832717886202	154
0.6367945091056506	158
0.6408071952898142	183
0.6451496360939534	209
0.654234323944439	125
0.6558996605525231	137
0.6595618573035321	154
0.6592534854550898	161
0.6597564222343807	138
0.6612726078519535	134
0.660333850918522	182
0.6599891039154846	111
0.6601174442283676	93
0.6600442313368022	135
