0.8038483482500843	84
0.76264102367674	79
0.7307363216195846	124
0.6848839054997711	96
0.684233812946876	137
0.675076027007231	133
0.665062234987585	171
0.6589431526586472	133
0.6534215398551789	147
0.6544791186164008	205
0.6497064499613083	188
0.6430447842042418	133
0.6406415625085153	134
0.6355812632162856	113
0.6326151214741039	122
0.6314383945561153	150
0.63832717886202	127
0.6367945091056506	154
0.6408071952898142	160
0.6451496360939534	177
0.654234323944439	124
0.6558996605525231	147
0.6595618573035321	112
0.6592534854550898	128
0.6597564222343807	106
0.6612726078519535	119
0.660333850918522	305
0.6599891039154846	149
0.6601174442283676	119
0.6600442313368022	133
