0.885020576131687	36
0.935821243015391	37
0.928192232874	45
0.9304468070826949	33
0.8426996367405047	52
0.8438316765172424	34
0.8406319481324358	45
0.7931682674962054	69
0.7846223833231424	63
0.7735797311838571	86
0.7424563398882201	108
0.7209475615500799	85
0.7227882400670411	88
0.7113332247183869	94
0.6981973385214829	105
0.6823658066261746	70
0.6686024494718319	59
0.6084296931162958	98
0.5889360784812655	101
0.6136440549322018	100
0.619062471629458	85
0.6236592544758975	115
0.6723903232357406	101
0.6727946307708756	58
