0.81387316924865	94
0.7754353588474445	147
0.7349290230434943	141
0.694564613478087	223
0.6984764356975836	398
0.6861182838429454	483
0.6802831788105848	497
0.6685718918636797	512
0.6609335497046974	502
0.66126110485142	522
0.6590016363448543	489
0.6534265335999226	343
0.6491996874994178	561
0.6469230462911785	457
0.6481196508513962	489
0.6483770185891042	339
0.6555598948436111	495
0.6527952966256759	458
0.6566983229026166	688
0.6586230116102769	357
0.6632770283888748	349
0.6638479247048793	278
0.6662306154686521	374
0.6656557729968224	232
0.6669215746095738	332
0.671596690193112	420
0.6703125199318557	188
0.669785538115238	187
0.6701126371615417	138
0.6700814427293511	105
