2	0.8850205761316873	48
3	0.935821243015391	9
4	0.9281922328740014	17
5	0.9304468070826953	9
6	0.8450910434887391	14
7	0.8462555109598234	9
8	0.8449775468703856	14
9	0.8187112926327471	18
10	0.8124657660542876	25
11	0.8065105029089238	35
12	0.789262663761683	33
13	0.7771606655457864	19
14	0.77875267075417	23
15	0.7680590035331142	21
16	0.7634266247095518	26
17	0.7555145056693257	30
18	0.7490805983582127	27
19	0.7208817537234414	35
20	0.7159748125504624	46
21	0.7140348758373909	80
22	0.7143702371504657	71
23	0.7103677844428484	95
24	0.718845177615411	122
25	0.7140723766838785	112
