2	0.8702643566532355	19	17	2
3	0.8364991192670449	7	1	6
4	0.8045458021502274	28	11	17
5	0.7648727668258308	13	3	10
6	0.7582250157554874	19	8	11
7	0.7579859907939654	18	11	7
8	0.7434618377825386	18	1	17
9	0.7378830403360682	30	10	20
10	0.7266656982892427	41	9	32
11	0.7287549918966962	65	11	54
12	0.7278013444339669	50	7	43
13	0.7134207109269632	116	14	102
14	0.7150714182018295	127	30	97
15	0.7176953146552971	137	9	128
16	0.7137312389261509	98	8	90
17	0.7111194364228504	149	16	133
18	0.7152119760673783	82	3	79
19	0.7158184541815737	149	7	142
20	0.7164744279369101	130	2	128
21	0.7180122388598925	174	0	174
22	0.7126773726423913	106	3	103
23	0.7026267548762021	206	1	205
24	0.7218453252829939	102	2	100
25	0.7171405717218068	187	2	185
26	0.7275298322222558	141	2	139
27	0.7241934700653412	152	3	149
28	0.7280565812706767	320	12	308
29	0.7271016377375549	160	2	158
30	0.7299113628840336	352	1	351
31	0.7273661140109988	316	0	316
