0.8849108367626884	46
0.9329569404960302	56
0.9194938205453764	47
0.9222282189237258	39
0.823241654009499	64
0.8248544993705789	45
0.822975670907233	61
0.792493436402407	70
0.7845818169466515	58
0.7802141687304164	67
0.7577622466485033	81
0.7455242752253446	67
0.7450335042762596	72
0.7335580066919875	77
0.7205200444275893	67
0.7117159299978416	70
0.7029705272404387	72
0.6833834940759039	147
0.6779281976850171	146
0.6794891352098342	136
0.6770174414023067	96
0.6748998100194319	80
0.6742873070305578	72
0.6748909579017064	61
