0.885020576131687	26
0.9337656847367909	49
0.9172427751051266	38
0.9200330533215513	42
0.7937662917859147	32
0.7945860876371975	41
0.7658817809338283	37
0.713138607546506	50
0.7025808880075021	54
0.6966110572324377	58
0.6524284819237596	52
0.6270088876114296	52
0.6161394249950466	40
0.597266072615421	48
0.5722230649401279	39
0.5531926500800836	43
0.5305844202107826	46
0.40818116041979696	60
0.3656502879775651	56
0.34678508336792	50
0.33765420512132244	60
0.32927700388467485	56
0.32406680233638063	45
0.3233090758470841	46
