0.885020576131687	62
0.9337656847367909	68
0.9172427751051266	70
0.9200330533215513	66
0.7937662917859147	80
0.7945860876371975	65
0.7658817809338283	78
0.713138607546506	74
0.7025808880075021	74
0.6966110572324377	68
0.6524284819237596	70
0.6270088876114296	76
0.6161394249950466	80
0.597266072615421	85
0.5722230649401279	79
0.5531926500800836	108
0.5305844202107826	102
0.40818116041979696	148
0.3656502879775651	151
0.34678508336792	140
0.33765420512132244	119
0.32927700388467485	124
0.32406680233638063	95
0.3233090758470841	80
