0.885020576131687	15
0.935821243015391	16
0.9279578096425118	16
0.9302552544154988	18
0.8421564382947043	30
0.8433459687905144	20
0.8385203158045199	24
0.8069331176612916	44
0.7981501052978908	40
0.7875042675637706	56
0.7561384727888344	58
0.7419667357388097	52
0.7430564056818858	38
0.7295262473643018	49
0.7223753268106998	47
0.7152956068994049	51
0.7100776395062652	71
0.668117796227192	147
0.6634624966012961	126
0.6619992980407269	132
0.6630532191476401	86
0.6622497605259474	72
0.672488466982104	92
0.6732165617781336	50
