2	0.874431528449141	16
3	0.8435435795259278	57
4	0.8181980946478667	77
5	0.7889352508771093	83
6	0.7769566674167464	90
7	0.7784839338364627	112
8	0.7698569428877631	153
9	0.7533328959931607	179
10	0.7507628870763642	175
11	0.746236853723933	243
12	0.7463851129273688	367
13	0.7352523162943265	326
14	0.7380455363569229	267
15	0.7335907392937007	247
16	0.7369081984624877	460
17	0.736004637217481	365
18	0.7357508060121698	357
19	0.7334475158505284	348
20	0.7342237736387912	387
21	0.7336801515678961	388
22	0.7378121267840985	348
23	0.7344347847645399	508
24	0.7368913651323215	563
25	0.7374063465298197	591
26	0.7391532779715012	459
27	0.7400005889030489	388
28	0.7386056127485626	454
29	0.7332194265673676	484
30	0.7321475678471457	412
31	0.7364825067598187	539
