0.8849108367626884	24
0.9329569404960302	22
0.9194938205453764	29
0.9222282189237258	25
0.823241654009499	37
0.8248544993705789	26
0.822975670907233	25
0.792493436402407	38
0.7845818169466515	33
0.7802141687304164	31
0.7577622466485033	46
0.7455242752253446	37
0.7450335042762596	34
0.7335580066919875	42
0.7205200444275893	50
0.7117159299978416	45
0.7029705272404387	50
0.6833834940759039	97
0.6779281976850171	93
0.6794891352098342	73
0.6770174414023067	62
0.6748998100194319	52
0.6742873070305578	51
0.6748909579017064	43
