2	0.8850205761316873	1
3	0.935821243015391	1
4	0.9281922328740014	14
5	0.9304468070826953	6
6	0.8450910434887391	3
7	0.8462555109598234	9
8	0.8449775468703856	7
9	0.8187112926327471	15
10	0.8124657660542876	12
11	0.8065105029089238	10
12	0.789262663761683	19
13	0.7771606655457864	30
14	0.77875267075417	31
15	0.7680590035331142	36
16	0.7634266247095518	35
17	0.7555145056693257	34
18	0.7490805983582127	24
19	0.7208817537234414	39
20	0.7159748125504624	53
21	0.7140348758373909	79
22	0.7143702371504657	69
23	0.7103677844428484	82
24	0.718845177615411	108
25	0.7140723766838785	92
