0.81387316924865	123
0.7754353588474445	108
0.7349290230434943	137
0.694564613478087	224
0.6984764356975836	438
0.6861182838429454	460
0.6802831788105848	471
0.6685718918636797	412
0.6609335497046974	397
0.66126110485142	545
0.6590016363448543	437
0.6534265335999226	436
0.6491996874994178	356
0.6469230462911785	487
0.6481196508513962	416
0.6483770185891042	601
0.6555598948436111	538
0.6527952966256759	579
0.6566983229026166	507
0.6586230116102769	370
0.6632770283888748	573
0.6638479247048793	391
0.6662306154686521	345
0.6656557729968224	264
0.6669215746095738	352
0.671596690193112	318
0.6703125199318557	307
0.669785538115238	236
0.6701126371615417	205
0.6700814427293511	114
