0.78654568432846	99
0.7156795457693393	125
0.6578880314230843	117
0.6084540632511156	214
0.5834179106896814	105
0.5606882824161472	107
0.5374808560388022	112
0.5182860917777787	108
0.49651489508706353	129
0.4743422603681611	123
0.46170947153108327	115
0.4477018137804146	119
0.43565429243420556	132
0.42508181299348474	124
0.4166944924841932	130
0.40857774314111356	123
0.4030885977841335	127
0.39628052021730326	126
0.3879232341140584	140
0.381414593061064	129
0.37707287879785406	134
0.3730720714611715	138
0.36978609761589243	145
0.36688425604833375	140
0.36506627955286347	129
0.3634902966745047	139
0.36112811091749225	140
0.3600788206734271	109
0.35969207445715495	108
0.35958497091827746	98
