0.828626711707276	163
0.8092493299175708	137
0.7783009827511954	155
0.7535894160044038	224
0.7430501918939181	174
0.7429428750866407	225
0.7310346015837506	207
0.7220886241339685	257
0.7119776157765975	325
0.7059801933753914	278
0.7046465417199274	308
0.7002602919361398	278
0.7000735718151646	256
0.6996714021822737	278
0.6992620171799979	235
0.6995285410468973	256
0.7013330130004237	218
0.699014304257788	270
0.6988838420512501	505
0.7003368225137141	262
0.7021170481743545	237
0.7032531621827073	267
0.7043187023733923	224
0.7049139681733095	213
0.7055415650193453	205
0.7054190171435528	185
0.7072669003481399	223
0.7072603949354979	177
0.7071346577717078	155
0.7071218923601605	157
