0.885020576131687	37
0.935821243015391	44
0.9276170951321507	50
0.9299616335387746	34
0.8437767461531973	80
0.8449759709920758	50
0.8407165907969295	54
0.8095080587584528	69
0.8042589481576924	77
0.7977195339808935	67
0.7763939371572492	66
0.7628521217961423	59
0.7656133435452935	51
0.7519748082629704	66
0.7414947504094792	88
0.7354654507660686	61
0.7244807238422764	75
0.69299180223446	183
0.6844144176348804	214
0.6823551495737532	162
0.6823990077341634	161
0.6846189755756622	131
0.6880343607313598	97
0.6887739752972108	70
