0.828626711707276	62
0.8092493299175708	91
0.7783009827511954	125
0.7535894160044038	154
0.7430501918939181	124
0.7429428750866407	141
0.7310346015837506	207
0.7220886241339685	181
0.7119776157765975	153
0.7059801933753914	194
0.7046465417199274	126
0.7002602919361398	174
0.7000735718151646	196
0.6996714021822737	162
0.6992620171799979	208
0.6995285410468973	156
0.7013330130004237	190
0.699014304257788	278
0.6988838420512501	196
0.7003368225137141	232
0.7021170481743545	185
0.7032531621827073	193
0.7043187023733923	150
0.7049139681733095	164
0.7055415650193453	146
0.7054190171435528	138
0.7072669003481399	164
0.7072603949354979	106
0.7071346577717078	85
0.7071218923601605	68
