0.8674047302873942	153
0.8309535725196876	144
0.8044877094234942	211
0.7794482788650399	258
0.770478531695273	253
0.7668296020844619	269
0.7571429617432998	197
0.7475827991105143	247
0.7398621218036797	353
0.7329386022861195	294
0.7300375871709549	287
0.7247520121146609	312
0.722607482973224	413
0.7186260602185912	307
0.7187094413995798	320
0.7186210939317963	313
0.7186111937942543	388
0.7171876488264547	337
0.7172788913913511	490
0.7177817072422623	480
0.718855513618824	426
0.7198582802093549	339
0.7205092721895957	432
0.7206449091340494	303
0.7209125979884531	501
0.7207200638815693	278
0.7198830557124561	385
0.7199103606229147	258
0.7199005447996807	466
0.7198974482178417	309
