2	0.8850205761316873	0	0	0
3	0.935821243015391	0	0	0
4	0.927845694183976	4	4	0
5	0.930147593427367	0	0	0
6	0.8438369956958488	8	8	0
7	0.8450270114650534	0	0	0
8	0.8440965588909485	8	8	0
9	0.8128283622585311	0	0	0
10	0.801610135771196	0	0	0
11	0.7975402616437803	1	1	0
12	0.7790597206270077	0	0	0
13	0.7711984663489154	0	0	0
14	0.7700682009692413	0	0	0
15	0.7590527720192769	3	1	2
16	0.7480736492355481	1	1	0
17	0.7437953394041582	10	2	8
18	0.741745343050091	6	2	4
19	0.6906625299038588	10	7	3
20	0.6838297778647031	7	5	2
21	0.6834939009474718	10	4	6
22	0.6840249896437799	19	2	17
23	0.6912728841719981	17	2	15
24	0.6904340971042799	11	1	10
25	0.7136900183099802	18	0	18
