0.885020576131687	17
0.935821243015391	32
0.9278515183636387	29
0.9301531862059709	25
0.8437586474763535	41
0.8449580950660558	73
0.8407486741489564	58
0.8097900223228441	52
0.8022412054590089	45
0.7965529630113617	79
0.7733634170502883	62
0.7595912036229971	57
0.761856723178663	52
0.7467047927341371	49
0.7349517696805863	47
0.7298125744397664	50
0.7194149355320283	70
0.6916028437475535	171
0.6799202083341718	218
0.6750818194204404	132
0.6759793773134124	96
0.6784895069938587	108
0.6811394036000573	99
0.6814416328073654	164
