0.885020576131687	92
0.935821243015391	42
0.9279578096425118	40
0.9302552544154988	39
0.8421564382947043	81
0.8433459687905144	45
0.8385203158045199	73
0.8069331176612916	71
0.7981501052978908	58
0.7875042675637706	73
0.7561384727888344	89
0.7419667357388097	56
0.7430564056818858	61
0.7295262473643018	75
0.7223753268106998	79
0.7152956068994049	81
0.7100776395062652	98
0.668117796227192	190
0.6634624966012961	230
0.6619992980407269	132
0.6630532191476401	145
0.6622497605259474	119
0.672488466982104	111
0.6732165617781336	62
