0.78654568432846	84
0.7156795457693393	100
0.6578880314230843	122
0.6084540632511156	113
0.5834179106896814	102
0.5606882824161472	116
0.5374808560388022	116
0.5182860917777787	116
0.49651489508706353	126
0.4743422603681611	131
0.46170947153108327	144
0.4477018137804146	133
0.43565429243420556	119
0.42508181299348474	140
0.4166944924841932	133
0.40857774314111356	127
0.4030885977841335	127
0.39628052021730326	147
0.3879232341140584	231
0.381414593061064	118
0.37707287879785406	119
0.3730720714611715	109
0.36978609761589243	118
0.36688425604833375	107
0.36506627955286347	97
0.3634902966745047	107
0.36112811091749225	98
0.3600788206734271	95
0.35969207445715495	113
0.35958497091827746	95
