2	0.8850205761316873	2	2	0
3	0.935821243015391	5	5	0
4	0.927845694183976	1	1	0
5	0.930147593427367	0	0	0
6	0.8438369956958488	6	6	0
7	0.8450270114650534	3	0	3
8	0.8440965588909485	2	2	0
9	0.8128283622585311	6	5	1
10	0.801610135771196	2	1	1
11	0.7975402616437803	8	3	5
12	0.7790597206270077	14	7	7
13	0.7711984663489154	7	7	0
14	0.7700682009692413	6	6	0
15	0.7590527720192769	3	3	0
16	0.7480736492355481	5	4	1
17	0.7437953394041582	4	2	2
18	0.741745343050091	3	2	1
19	0.6906625299038588	6	2	4
20	0.6838297778647031	15	7	8
21	0.6834939009474718	11	2	9
22	0.6840249896437799	19	6	13
23	0.6912728841719981	23	3	20
24	0.6904340971042799	12	2	10
25	0.7136900183099802	23	1	22
