0.8668522172443317	142
0.8295359152874316	157
0.8083923512640688	298
0.7793593329381202	232
0.7697404996179256	289
0.7641737612093885	223
0.7510732008911207	258
0.7423659963671878	225
0.7341565625866708	242
0.7275286031474683	375
0.7241772520153846	300
0.7187574672215187	287
0.7167663475369243	312
0.7126253117752127	255
0.7124116650590774	491
0.7119160472798848	260
0.7118283909382591	373
0.710294483571066	318
0.7098988565506816	536
0.7108286381056252	451
0.7119734829286343	467
0.7129048532243032	476
0.7137465560270569	420
0.7138237390913813	321
0.7139759870196813	391
0.7137423189713256	394
0.7129276785382593	423
0.7128694347258547	356
0.7127737974198247	306
0.7127455781361955	387
