2	0.874431528449141	30
3	0.8435435795259278	31
4	0.8181980946478667	43
5	0.7889352508771093	60
6	0.7769566674167464	87
7	0.7784839338364627	174
8	0.7698569428877631	177
9	0.7533328959931607	194
10	0.7507628870763642	145
11	0.746236853723933	298
12	0.7463851129273688	296
13	0.7352523162943265	368
14	0.7380455363569229	295
15	0.7335907392937007	246
16	0.7369081984624877	371
17	0.736004637217481	271
18	0.7357508060121698	283
19	0.7334475158505284	429
20	0.7342237736387912	509
21	0.7336801515678961	396
22	0.7378121267840985	347
23	0.7344347847645399	473
24	0.7368913651323215	467
25	0.7374063465298197	435
26	0.7391532779715012	603
27	0.7400005889030489	684
28	0.7386056127485626	572
29	0.7332194265673676	529
30	0.7321475678471457	495
31	0.7364825067598187	518
