2	0.8702643566532355	7	4	3
3	0.8364991192670449	11	5	6
4	0.8045458021502274	19	5	14
5	0.7648727668258308	19	9	10
6	0.7582250157554874	23	10	13
7	0.7579859907939654	28	10	18
8	0.7434618377825386	29	10	19
9	0.7378830403360682	60	14	46
10	0.7266656982892427	58	10	48
11	0.7287549918966962	71	17	54
12	0.7278013444339669	57	9	48
13	0.7134207109269632	72	6	66
14	0.7150714182018295	74	8	66
15	0.7176953146552971	102	12	90
16	0.7137312389261509	132	4	128
17	0.7111194364228504	126	10	116
18	0.7152119760673783	79	3	76
19	0.7158184541815737	126	15	111
20	0.7164744279369101	141	21	120
21	0.7180122388598925	125	7	118
22	0.7126773726423913	217	9	208
23	0.7026267548762021	314	10	304
24	0.7218453252829939	139	3	136
25	0.7171405717218068	204	5	199
26	0.7275298322222558	250	6	244
27	0.7241934700653412	216	2	214
28	0.7280565812706767	252	3	249
29	0.7271016377375549	203	2	201
30	0.7299113628840336	234	2	232
31	0.7273661140109988	409	0	409
