0.885020576131687	16
0.935821243015391	17
0.928192232874	16
0.9304468070826949	17
0.8426996367405047	22
0.8438316765172424	17
0.8406319481324358	21
0.7931682674962054	50
0.7846223833231424	38
0.7735797311838571	46
0.7424563398882201	40
0.7209475615500799	40
0.7227882400670411	43
0.7113332247183869	45
0.6981973385214829	53
0.6823658066261746	54
0.6686024494718319	61
0.6084296931162958	100
0.5889360784812655	81
0.6136440549322018	79
0.619062471629458	74
0.6236592544758975	77
0.6723903232357406	79
0.6727946307708756	57
