0
0
0
0
0
0
0
0
0
0
0
8
8
8
8
8
8
8
8
8
6
6
6
6
6
6
6
0
0
0
0
0
0
0
0
0
0
0
6
0
0
0
0
0
0
0
0
0
0
0
0
0
0
0
0
0
0
6
6
6
6
6
6
6
6
6
6
6
9
9
9
9
0
0
0
0
9
9
9
9
9
2
2
9
2
2
2
4
4
9
4
4
4
9
9
4
4
4
4
4
4
4
4
4
4
2
4
4
4
4
4
11
11
11
11
2
2
2
2
2
2
2
2
2
2
2
2
2
2
2
2
2
11
11
11
2
2
2
2
2
2
2
2
2
2
9
9
9
9
9
9
9
9
9
9
4
4
11
11
11
11
11
11
11
11
2
11
4
4
4
4
4
4
8
8
8
8
8
8
6
6
6
6
6
6
6
6
8
9
4
4
5
5
5
5
5
5
5
5
5
5
5
5
5
5
5
5
5
10
10
5
5
5
5
5
10
5
5
5
5
5
5
5
10
10
10
10
10
10
10
10
10
10
10
10
10
10
8
8
8
8
8
6
1
8
8
8
1
1
1
7
7
1
1
1
1
1
7
7
7
7
7
7
7
7
7
7
1
1
1
1
1
1
1
1
1
1
1
1
1
1
1
1
1
1
1
1
1
1
1
1
1
1
1
1
1
1
3
3
3
3
3
3
3
3
7
7
3
7
7
7
7
7
7
7
7
7
7
1
1
1
1
7
7
3
3
3
3
3
3
3
3
3
3
3
3
3
3
3
3
3
3
3
3
3
3
3
12
12
12
12
12
12
12
12
12
5
10
10
10
