3
3
3
3
3
3
3
3
3
3
3
8
8
8
8
8
8
8
8
8
6
6
6
6
6
6
6
3
3
3
3
3
3
3
3
3
3
3
6
3
3
3
3
3
3
3
3
3
3
3
3
3
3
3
3
3
3
6
6
6
6
6
6
6
6
6
6
6
9
9
9
9
3
3
3
3
9
9
9
9
9
4
4
9
4
4
4
5
5
9
5
5
5
9
9
5
5
5
5
5
5
5
5
5
5
4
5
5
5
5
5
11
11
11
11
4
4
4
4
4
4
4
4
4
4
4
4
4
4
4
4
4
11
11
11
4
4
4
4
4
4
4
4
4
4
9
9
9
9
9
9
9
9
9
9
5
5
11
11
11
11
11
11
11
11
4
11
5
5
5
5
5
5
8
8
8
8
8
8
6
6
6
6
6
6
6
6
8
9
5
5
0
0
0
0
0
0
0
0
0
0
0
0
0
0
0
7
7
7
7
0
0
0
0
0
7
0
0
0
0
0
0
0
7
7
7
7
7
7
7
7
7
7
7
7
7
7
8
8
8
8
8
6
1
8
8
8
1
1
1
1
1
1
1
1
1
1
2
2
2
2
1
1
1
2
2
1
1
1
1
1
1
1
1
1
1
1
1
1
1
1
1
1
1
1
1
1
1
1
1
1
1
1
1
1
1
1
2
2
2
2
2
2
2
2
2
2
2
2
2
2
2
2
2
2
2
1
1
1
1
1
1
2
2
2
2
2
2
2
2
2
2
2
2
2
2
2
2
2
2
2
2
2
10
10
0
0
0
0
0
0
0
0
0
0
0
0
7
7
7
0
0
0
0
0
0
0
0
0
0
0
0
10
10
10
10
10
10
10
10
10
10
10
10
10
0
7
7
7
7
7
10
10
10
10
