2
2
2
2
2
2
2
2
2
2
2
2
2
2
2
2
7
7
7
7
7
6
6
6
7
6
6
3
3
3
3
3
3
3
3
3
3
3
6
3
3
2
2
2
2
2
2
2
2
2
2
3
3
2
2
3
3
6
6
6
6
6
6
6
6
6
6
6
3
3
3
3
3
3
3
3
4
4
4
4
4
10
10
4
10
10
10
1
1
4
1
1
1
4
4
1
1
1
1
1
1
1
1
1
1
10
1
1
1
1
1
8
8
8
8
5
5
5
5
5
5
5
5
5
5
5
5
5
5
5
5
5
8
8
8
5
5
10
10
10
10
10
10
10
5
4
4
4
4
4
4
4
4
4
4
1
1
8
8
8
8
8
8
8
8
10
8
1
1
1
1
1
1
2
6
6
6
7
7
7
7
7
7
7
7
7
7
7
4
1
1
0
0
0
0
0
0
0
0
0
0
0
0
0
0
0
0
0
0
0
0
0
0
0
0
9
0
0
0
0
0
0
0
9
9
9
9
9
9
9
9
9
9
9
9
9
9
