2
2
2
2
2
2
2
2
2
2
2
7
7
7
7
7
7
7
7
7
6
6
6
6
6
6
6
2
2
2
2
2
2
2
2
2
2
2
6
2
2
2
2
2
2
2
2
2
2
2
2
2
2
2
2
2
2
6
6
6
6
6
6
6
6
6
6
6
10
10
10
10
2
2
2
2
10
10
10
10
10
0
0
10
0
0
0
5
5
10
5
5
5
10
10
5
5
5
5
5
5
5
5
5
5
0
5
5
5
5
5
0
0
0
0
0
0
0
0
0
0
0
0
0
0
0
0
0
0
0
0
0
0
0
0
0
0
0
0
0
0
0
0
0
0
10
10
10
10
10
10
10
10
10
10
5
5
0
0
0
0
0
0
0
0
0
0
5
5
5
5
5
5
7
7
7
7
7
7
6
6
6
6
6
6
6
6
7
10
5
5
8
8
8
8
8
8
8
8
8
8
8
8
8
8
8
8
8
9
9
8
8
8
8
8
9
8
8
1
8
1
8
8
9
9
9
9
9
9
9
9
9
9
9
9
9
9
7
7
7
7
7
6
7
7
7
7
7
4
4
4
4
4
4
4
4
4
4
4
3
3
7
3
3
3
3
7
4
4
4
4
4
4
4
4
4
4
4
4
4
11
11
11
11
4
4
11
11
11
11
11
11
11
11
11
11
11
11
3
3
3
3
3
3
3
3
3
3
3
3
3
3
3
3
3
3
3
3
4
4
4
4
4
4
3
3
3
3
3
3
3
3
11
11
11
11
11
3
3
3
3
3
3
1
1
1
1
1
1
1
1
1
1
1
1
1
1
9
9
9
1
1
1
1
1
1
1
1
1
1
1
1
1
1
1
1
1
1
1
1
1
1
1
1
1
1
9
9
9
9
9
1
1
1
1
1
3
11
1
11
