2
2
2
2
2
2
2
2
2
2
2
9
9
9
9
9
9
9
9
9
7
7
7
7
7
7
7
2
2
2
2
2
2
2
2
2
2
2
7
2
2
2
2
2
2
2
2
2
2
2
2
2
2
2
2
2
2
7
7
7
7
7
7
7
7
7
7
7
8
8
8
8
2
2
2
2
8
8
8
8
8
4
4
8
4
4
4
6
6
8
6
6
6
8
8
6
6
6
6
6
6
6
6
6
6
4
6
6
6
6
6
11
11
11
11
4
4
4
4
4
4
4
4
4
4
4
4
4
4
4
4
4
11
11
11
4
4
4
4
4
4
4
4
4
4
8
8
8
8
8
8
8
8
8
8
6
6
11
11
11
11
11
11
11
11
4
11
6
6
6
6
6
6
9
9
9
9
9
9
7
7
7
7
7
7
7
7
9
8
6
6
1
1
1
1
1
1
1
1
0
1
1
0
0
0
0
0
0
0
0
1
1
1
1
1
0
0
0
1
1
1
1
1
0
0
0
0
0
0
0
0
0
0
0
0
0
0
9
9
9
9
9
7
5
9
9
9
5
5
5
5
3
3
3
3
3
3
3
5
5
5
5
5
5
10
3
5
5
5
5
5
5
5
5
5
3
5
5
5
3
3
3
3
3
3
3
3
3
3
3
3
3
3
3
3
3
3
3
3
10
10
10
10
10
10
10
5
10
10
5
3
10
5
5
5
5
5
5
5
5
5
3
3
3
10
10
10
10
10
10
10
10
3
3
3
3
3
3
10
10
10
10
10
1
1
1
1
1
1
1
1
1
1
1
1
1
1
0
0
0
1
1
1
1
1
1
1
1
1
1
1
0
0
0
0
0
0
0
0
0
0
0
0
0
0
0
0
0
0
0
0
0
1
1
1
1
3
3
