3
3
3
3
3
3
3
3
3
3
3
7
7
7
7
7
7
7
7
7
8
8
8
8
8
8
8
3
3
3
3
3
3
3
3
3
3
3
8
3
3
3
3
3
3
3
3
3
3
3
3
3
3
3
3
3
3
8
8
8
8
8
8
8
8
8
8
8
9
9
9
9
3
3
3
3
9
9
9
9
9
0
0
9
0
0
0
6
6
9
6
6
6
9
9
6
6
6
6
6
6
6
6
6
6
0
6
6
6
6
6
0
0
0
0
0
0
0
0
0
0
0
0
0
0
0
0
0
0
0
0
0
0
0
0
0
0
0
0
0
0
0
0
0
0
9
9
9
9
9
9
9
9
9
9
6
6
0
0
0
0
0
0
0
0
0
0
6
6
6
6
6
6
7
7
7
7
7
7
8
8
8
8
8
8
8
8
7
9
6
6
1
1
2
2
1
1
1
1
1
1
1
1
1
1
1
1
1
1
1
1
1
1
1
1
1
1
1
2
1
2
1
1
1
1
1
1
1
1
1
1
1
1
1
1
1
1
7
7
7
7
7
8
7
7
7
7
7
5
5
5
5
5
5
5
5
5
5
5
4
4
7
4
4
4
4
7
5
5
5
5
5
5
5
5
5
5
5
5
5
10
10
10
10
5
5
10
10
10
10
10
10
10
10
10
10
10
10
4
4
4
4
4
4
4
4
4
4
4
4
4
4
4
4
4
4
4
4
5
5
5
5
5
5
4
4
4
4
4
4
4
4
10
10
10
10
10
4
4
4
4
4
4
2
2
2
2
2
2
2
2
2
2
2
2
2
2
1
1
1
2
2
2
2
2
2
2
2
2
2
2
2
2
2
2
2
2
2
2
2
2
2
2
2
2
2
1
1
1
1
1
2
2
2
2
2
4
10
2
10
