0
0
0
0
0
0
0
0
0
0
0
8
8
8
8
8
8
8
8
8
7
7
7
7
7
7
7
0
0
0
0
0
0
0
0
0
0
0
7
0
0
0
0
0
0
0
0
0
0
0
0
0
0
0
0
0
0
7
7
7
7
7
7
7
7
7
7
7
9
9
9
9
0
0
0
0
9
9
9
9
9
3
3
9
3
3
3
5
5
9
5
5
5
9
9
5
5
5
5
5
5
5
5
5
5
3
5
5
5
5
5
12
12
12
12
3
3
3
3
3
3
3
3
3
3
3
3
3
3
3
3
3
12
12
12
3
3
3
3
3
3
3
3
3
3
9
9
9
9
9
9
9
9
9
9
5
5
12
12
12
12
12
12
12
12
3
12
5
5
5
5
5
5
8
8
8
8
8
8
7
7
7
7
7
7
7
7
8
9
5
5
6
6
6
6
6
6
6
6
6
6
6
6
6
6
6
6
6
2
2
6
6
6
6
6
2
6
6
6
6
6
6
6
2
2
2
2
2
2
2
2
2
2
2
2
2
2
8
8
8
8
8
7
1
8
8
8
1
1
1
4
4
1
1
1
1
1
4
4
4
4
4
4
4
4
4
4
1
1
1
1
1
1
1
1
1
1
1
1
1
1
1
1
1
1
1
1
1
1
1
1
1
1
1
1
1
1
10
10
10
4
10
4
4
4
4
4
4
4
4
4
4
4
4
4
4
4
4
1
1
1
1
4
4
10
10
10
10
10
10
10
10
10
10
10
10
10
10
10
10
10
10
10
4
4
11
11
11
11
11
11
11
11
11
11
11
11
2
2
2
11
11
11
11
11
11
11
11
11
2
2
2
2
2
2
2
2
2
2
2
2
2
2
2
2
2
2
2
2
2
2
