7
7
7
7
7
7
7
7
7
7
7
7
7
7
0
0
0
0
0
0
0
0
0
0
0
0
0
8
8
8
8
8
8
8
8
8
8
8
0
8
8
7
7
7
7
7
7
7
7
8
7
8
8
8
7
8
8
7
0
0
0
0
0
0
0
0
0
0
8
8
8
8
8
8
8
8
1
1
1
1
1
1
1
1
4
4
4
4
4
4
4
4
4
4
1
4
4
4
4
4
4
4
4
4
4
4
4
4
4
10
10
10
10
10
10
1
1
1
1
1
1
1
1
1
1
1
1
1
1
1
1
1
10
10
10
1
1
1
1
1
10
1
1
1
1
4
4
1
1
1
1
1
1
1
1
4
10
10
10
10
10
10
10
10
10
1
10
4
4
4
4
4
4
7
7
7
0
0
0
0
0
0
0
0
0
0
0
0
1
4
4
3
3
3
3
9
9
9
9
9
9
9
9
9
9
9
9
9
9
9
3
9
3
3
9
9
9
9
3
9
3
9
9
11
11
11
11
11
11
9
11
11
11
11
11
11
11
0
0
0
0
0
0
5
0
0
0
5
2
2
5
5
5
6
2
2
2
5
5
5
5
5
5
5
5
5
5
2
2
2
2
2
2
2
2
2
2
2
2
2
2
2
2
2
2
2
2
2
2
2
2
2
2
2
2
2
6
6
6
6
6
6
6
6
5
5
5
5
5
5
5
5
5
5
5
5
5
5
2
2
2
2
5
6
6
6
6
6
6
6
6
6
6
6
6
6
6
6
6
6
6
6
6
3
3
3
3
3
3
3
3
3
3
3
3
3
3
11
11
11
3
3
3
3
3
3
3
3
3
3
12
12
12
12
12
12
12
12
12
12
12
12
12
12
12
12
3
11
11
11
11
12
12
3
3
12
6
2
12
2
