0
0
0
0
0
0
0
0
0
0
0
0
0
0
0
0
0
0
0
0
10
10
10
10
10
4
4
4
4
4
4
4
4
4
4
4
4
4
4
4
4
4
0
4
0
0
0
0
4
4
0
4
4
4
0
4
4
4
10
10
10
10
10
10
10
10
10
4
4
4
4
4
4
4
4
4
7
7
7
7
7
7
6
7
7
6
6
7
7
7
7
7
7
7
7
7
7
5
5
5
5
5
5
7
7
5
5
5
5
5
5
5
5
5
5
6
6
6
6
6
6
6
6
6
6
6
6
6
6
6
6
6
5
5
5
6
6
6
6
6
5
6
6
6
6
7
7
7
7
7
7
7
7
6
6
5
5
5
5
5
5
5
5
5
5
6
5
7
5
7
5
5
7
0
0
0
0
10
10
10
10
10
10
10
10
10
10
0
7
5
5
3
3
3
3
3
3
3
3
3
3
3
3
3
3
3
3
3
1
1
3
3
3
3
3
1
3
3
3
3
3
3
3
1
1
1
1
1
1
1
1
1
1
1
1
1
1
0
0
0
0
0
4
8
0
0
0
8
8
8
8
8
8
2
2
8
8
8
8
9
9
8
8
8
9
9
8
8
8
8
8
8
8
8
8
8
8
2
2
2
2
2
2
2
2
2
2
2
2
2
2
2
2
2
2
2
2
2
2
9
9
9
9
9
9
9
9
9
9
9
9
9
9
9
9
9
8
8
8
8
8
8
2
2
2
2
2
2
2
2
9
9
2
2
2
2
2
2
2
9
9
9
9
11
11
11
11
11
11
11
11
11
11
11
11
3
3
1
1
1
11
11
3
3
3
3
3
3
11
11
11
1
1
1
1
1
1
1
1
1
1
1
1
1
1
1
1
1
1
1
1
11
11
11
11
