1
1
1
1
1
1
1
1
1
1
1
1
1
1
1
1
1
1
1
1
8
8
8
8
8
8
8
9
9
9
9
9
9
9
9
9
9
9
8
9
9
9
1
9
1
1
1
1
9
9
1
9
9
9
1
9
9
8
8
8
8
8
8
8
8
8
8
8
9
9
9
9
9
9
9
9
0
0
0
0
0
0
0
0
0
0
10
0
0
0
0
10
0
0
0
10
10
10
10
10
10
10
10
10
10
10
10
10
10
10
10
11
11
11
11
11
11
0
0
0
0
0
0
0
0
0
0
0
0
0
11
11
11
11
11
11
11
11
0
10
10
0
0
0
0
0
0
0
0
0
0
0
0
0
0
10
10
11
11
11
11
11
11
11
11
11
11
10
10
10
10
10
10
1
1
1
1
8
8
8
8
8
8
8
8
8
8
1
0
10
10
6
6
6
6
6
6
6
6
6
6
6
6
6
6
6
6
6
6
6
6
6
6
6
6
6
6
6
6
6
5
6
6
3
3
3
3
3
3
3
3
3
3
3
3
3
3
1
1
1
1
1
8
7
1
1
1
7
7
7
7
7
7
4
4
7
7
7
7
7
2
7
7
2
2
7
7
7
7
7
7
7
7
7
7
7
7
4
4
4
4
4
4
4
4
4
4
4
4
4
4
4
4
4
4
4
4
4
2
2
2
2
2
2
2
2
2
2
2
2
2
2
2
2
2
2
2
7
7
7
7
7
4
4
2
2
2
2
2
2
2
2
4
4
4
4
4
4
2
2
2
2
2
5
5
5
5
5
5
5
5
5
5
5
5
5
5
3
3
3
5
5
5
5
5
5
5
5
5
5
5
5
3
3
3
3
3
3
3
3
3
3
3
3
3
3
3
3
3
3
3
5
5
5
5
5
2
4
