7
7
7
7
7
7
7
7
7
7
7
7
7
8
8
8
8
8
8
8
8
8
8
1
1
1
1
1
1
1
1
1
1
1
1
1
1
1
8
7
7
7
7
7
7
7
7
7
7
7
7
1
7
7
7
7
7
8
1
1
1
1
1
1
1
1
1
1
1
1
1
1
1
1
1
1
2
2
2
2
2
2
2
2
2
2
2
2
2
2
2
0
2
2
2
0
0
0
0
0
0
0
0
0
0
0
0
0
0
0
0
0
0
0
0
10
10
10
10
10
10
10
10
10
2
2
10
10
10
10
10
10
0
0
0
10
10
2
2
2
0
2
2
2
10
2
2
2
2
2
2
2
2
2
2
0
0
0
0
0
0
0
0
0
0
2
0
2
0
2
0
0
0
8
8
8
8
8
8
8
1
1
1
1
1
8
8
8
2
0
0
5
5
5
5
5
5
5
5
5
5
5
5
5
5
5
5
5
4
4
5
5
5
5
5
4
5
5
5
5
5
5
5
4
4
4
4
4
4
4
4
4
4
4
4
4
4
8
8
8
8
8
1
9
8
8
8
9
3
3
9
9
3
3
3
3
3
9
9
9
9
9
9
9
9
9
9
3
3
3
3
3
3
3
3
3
3
3
3
3
3
3
3
3
3
3
3
3
3
3
3
3
3
3
3
3
6
6
6
6
6
6
6
6
6
9
9
6
9
9
9
9
9
9
9
9
9
9
3
3
3
3
6
6
6
6
6
6
6
6
6
6
6
6
6
6
6
6
6
6
6
6
6
11
11
11
11
11
11
11
11
11
11
11
11
5
5
4
4
4
11
11
5
5
5
5
5
5
11
11
11
4
4
4
4
4
4
4
4
4
4
4
4
4
4
4
4
4
4
4
4
