7
7
7
7
7
7
7
7
7
7
7
7
7
7
0
0
0
0
0
0
0
0
0
0
0
0
0
8
8
8
8
8
8
8
8
8
8
8
0
8
8
7
7
7
7
7
7
7
7
8
7
8
8
8
7
8
8
7
0
0
0
0
0
0
0
0
0
0
8
8
8
8
8
8
8
8
1
1
1
1
1
1
1
1
6
6
6
6
6
6
6
6
6
6
1
6
6
6
6
6
6
6
6
6
6
6
6
6
6
10
10
10
10
10
10
1
1
1
1
1
1
1
1
1
1
1
1
1
1
1
1
1
10
10
10
1
1
1
1
1
10
1
1
1
1
6
6
1
1
1
1
1
1
1
1
6
10
10
10
10
10
10
10
10
10
1
10
6
6
6
6
6
6
7
7
7
0
0
0
0
0
0
0
0
0
0
0
0
1
6
6
5
5
5
5
9
9
9
9
9
9
9
9
9
9
9
9
9
9
9
5
9
5
5
9
9
9
9
5
9
5
9
9
3
3
3
3
3
3
9
3
3
3
3
3
3
3
0
0
0
0
0
0
4
0
0
0
4
11
11
4
4
4
4
2
11
11
4
4
4
4
4
4
4
4
4
4
11
11
11
11
11
11
11
11
11
11
11
11
2
2
2
2
2
2
2
2
2
2
2
2
2
2
2
2
2
2
2
2
2
4
2
4
4
4
4
4
4
4
4
4
4
4
4
4
4
4
4
11
11
11
11
4
4
2
2
2
2
2
2
2
2
2
2
2
2
2
2
2
2
2
2
2
5
5
5
5
5
5
5
5
5
5
5
5
5
5
3
3
3
5
5
5
5
5
5
5
5
5
5
3
3
3
3
3
3
3
3
3
3
3
3
3
3
3
3
5
3
3
3
3
3
3
5
5
3
4
2
3
2
