0
0
0
0
0
0
0
0
0
0
0
0
0
0
0
0
0
0
0
0
7
7
7
7
7
7
7
6
6
6
6
6
6
6
6
6
6
6
7
6
6
6
0
6
0
0
0
0
6
6
0
6
6
6
0
6
6
7
7
7
7
7
7
7
7
7
7
7
6
6
6
6
6
6
6
6
4
4
4
4
4
4
4
4
4
4
4
4
4
4
4
4
4
4
4
4
1
1
1
1
1
1
1
1
1
1
1
1
1
1
1
1
1
1
1
10
10
10
10
10
10
10
10
10
10
10
10
10
10
10
10
10
1
1
1
10
10
10
4
4
1
4
10
10
10
4
4
4
4
4
4
4
4
4
4
1
1
1
1
1
1
1
1
1
1
10
1
4
1
4
1
1
1
0
0
0
0
7
7
7
7
7
7
7
7
7
7
0
4
1
1
5
5
5
5
11
11
11
11
11
11
11
11
11
11
11
11
11
11
11
5
11
5
5
11
11
11
11
5
11
5
11
11
3
3
3
3
3
3
11
3
3
3
3
3
3
3
0
0
0
0
0
7
8
0
0
0
8
2
2
8
8
8
9
2
2
2
8
8
8
8
8
8
8
8
8
8
2
2
2
2
2
2
2
2
2
2
2
2
2
2
2
2
2
2
2
2
2
2
2
2
2
2
2
2
2
9
9
9
9
9
9
9
9
8
8
8
8
8
8
8
8
8
8
8
8
8
8
2
2
2
2
8
9
9
9
9
9
9
9
9
9
9
9
9
9
9
9
9
9
9
9
9
5
5
5
5
5
5
5
5
5
5
5
5
5
5
3
3
3
5
5
5
5
5
5
5
5
5
5
3
3
3
3
3
3
3
3
3
3
3
3
3
3
3
3
5
3
3
3
3
3
3
5
5
3
9
2
3
2
