9
9
9
9
9
9
9
9
9
9
9
9
9
9
6
6
6
6
6
6
6
6
6
8
8
8
8
8
7
7
7
7
7
7
7
7
7
7
6
7
7
7
9
7
9
9
9
9
7
7
9
7
7
7
9
7
7
6
8
8
8
8
8
8
8
8
8
8
8
8
8
8
7
7
7
7
0
0
0
0
0
0
0
0
0
3
3
3
3
0
3
3
3
0
0
3
3
3
3
3
3
3
3
3
3
3
3
3
3
3
3
10
10
10
10
10
10
0
0
0
0
0
0
0
0
0
0
0
0
0
10
10
10
10
10
10
10
10
3
3
3
0
0
0
0
0
0
0
0
0
0
0
0
0
0
3
3
10
10
10
10
10
10
10
10
10
10
3
3
3
3
3
3
9
9
9
6
6
6
6
8
8
8
8
8
6
6
6
0
3
3
4
4
4
4
4
4
4
4
4
4
4
4
4
4
4
4
4
11
11
4
4
4
4
4
11
4
4
4
4
4
4
4
11
11
11
11
11
11
11
11
11
11
11
11
11
11
6
6
6
6
6
8
5
6
6
6
5
1
1
5
5
1
1
1
1
1
5
5
5
5
5
5
5
5
5
5
1
1
1
1
1
1
1
1
1
1
1
1
1
1
1
1
1
1
1
1
1
1
1
1
1
1
1
1
1
2
2
2
2
2
2
2
2
5
5
5
5
5
5
5
5
5
5
5
5
5
5
1
1
1
1
5
5
2
2
2
2
2
2
2
2
2
2
2
2
2
2
2
2
2
2
2
2
2
2
2
2
2
2
2
2
2
2
4
4
4
11
11
11
