0	1
0	2
1	32
1	4
2	3
2	4
3	5
3	6
4	5
4	15
5	49
5	11
6	7
6	49
7	8
8	9
8	49
9	10
9	19
9	20
10	11
10	18
10	49
11	12
11	15
12	13
12	16
12	18
13	14
13	15
13	33
14	16
14	34
15	32
16	17
16	50
17	18
17	31
18	19
19	31
20	21
20	29
20	35
21	22
21	25
21	45
22	23
22	24
22	29
23	30
23	36
24	25
24	26
24	36
25	37
25	44
26	27
26	38
26	37
27	28
27	36
28	38
29	30
32	33
33	34
35	45
35	48
37	40
37	39
38	39
39	43
40	41
40	43
40	44
41	42
41	46
42	43
44	45
44	46
45	47
46	47
46	72
47	48
50	51
50	62
50	56
51	52
51	55
52	53
53	54
53	55
54	58
54	64
55	56
55	64
56	57
56	63
57	60
57	61
57	64
58	59
58	65
59	60
59	64
59	66
60	67
60	92
61	69
61	92
61	63
62	63
62	71
63	70
65	66
66	67
67	68
68	92
69	70
69	93
69	80
70	71
72	73
72	95
73	74
73	76
74	75
75	76
75	80
76	77
76	79
77	78
77	85
78	79
78	81
78	83
79	80
79	94
80	90
81	82
81	85
81	87
82	83
82	84
82	88
83	91
84	89
84	91
85	86
85	95
86	87
87	88
90	94
92	93
