24	+	10	174
32	+	15	17
33	+	15	245
35	+	16	238
36	+	16	173
38	+	17	237
40	+	18	238
41	+	18	239
44	+	19	176
65	+	26	242
103	+	42	175
124	+	58	183
127	+	59	242
133	+	62	183
137	+	64	184
139	+	65	181
141	+	67	242
146	+	69	242
334	+	174	238
336	+	176	238
341	+	178	241
342	+	178	243
344	+	179	185
347	+	181	184
352	+	187	239
353	+	187	241
362	+	193	356
364	+	194	355
397	+	209	227
413	+	224	358
417	+	226	358
419	+	227	358
420	+	228	357
425	+	232	357
427	+	234	357
428	+	234	359
430	+	235	359
431	+	237	244
432	+	237	239
433	+	237	245
434	+	239	240
435	+	240	241
436	+	240	244
437	+	243	247
438	+	243	318
439	+	243	266
440	+	244	246
441	+	245	246
442	+	247	248
443	+	247	250
444	+	247	261
445	+	248	249
446	+	248	267
447	+	248	318
448	+	249	250
449	+	249	276
450	+	249	321
451	+	250	251
452	+	250	258
453	+	251	252
454	+	251	257
455	+	252	253
456	+	252	255
457	+	253	254
458	+	254	255
459	+	254	284
460	+	254	295
461	+	255	256
462	+	255	321
463	+	256	275
464	+	257	258
465	+	257	265
466	+	257	322
467	+	258	259
468	+	258	261
469	+	259	260
470	+	259	265
471	+	260	263
472	+	260	264
473	+	260	309
474	+	261	262
475	+	261	266
476	+	262	263
477	+	262	317
478	+	263	316
479	+	264	265
480	+	264	308
481	+	264	311
482	+	265	310
483	+	266	317
484	+	267	268
485	+	267	270
486	+	267	276
487	+	268	269
488	+	268	318
489	+	269	270
490	+	269	272
491	+	270	271
492	+	270	273
493	+	271	272
494	+	271	319
495	+	273	274
496	+	273	319
497	+	274	275
498	+	274	277
499	+	274	320
500	+	275	276
501	+	275	321
502	+	277	278
503	+	278	279
504	+	279	280
505	+	280	281
506	+	280	282
507	+	281	286
508	+	282	283
509	+	282	285
510	+	282	286
511	+	283	284
512	+	283	289
513	+	284	285
514	+	286	287
515	+	286	289
516	+	287	288
517	+	287	290
518	+	289	290
519	+	289	291
520	+	290	292
521	+	290	294
522	+	291	295
523	+	291	294
524	+	292	293
525	+	295	296
526	+	296	297
527	+	297	298
528	+	297	323
529	+	297	332
530	+	298	299
531	+	298	324
532	+	299	300
533	+	299	301
534	+	299	325
535	+	300	311
536	+	300	302
537	+	301	302
538	+	301	331
539	+	301	341
540	+	302	303
541	+	302	307
542	+	303	304
543	+	303	341
544	+	303	343
545	+	304	305
546	+	304	307
547	+	305	306
548	+	305	308
549	+	306	309
550	+	306	313
551	+	307	308
552	+	307	311
553	+	308	309
554	+	309	312
555	+	310	311
556	+	312	313
557	+	312	315
558	+	313	314
559	+	314	315
560	+	315	316
561	+	316	317
562	+	319	320
563	+	322	323
564	+	324	325
565	+	324	338
566	+	324	332
567	+	325	326
568	+	326	327
569	+	326	330
570	+	327	328
571	+	327	329
572	+	329	338
573	+	330	331
574	+	330	339
575	+	332	333
576	+	332	334
577	+	333	337
578	+	333	338
579	+	334	335
580	+	335	336
581	+	336	337
582	+	339	340
583	+	339	342
584	+	341	342
585	+	343	344
586	+	344	345
587	+	345	346
588	+	345	347
589	+	347	348
590	+	347	353
591	+	348	349
592	+	348	350
593	+	350	351
594	+	350	354
595	+	351	352
596	+	352	353
597	+	354	355
