405	+	213	365
410	+	219	222
424	+	229	386
427	+	231	385
428	+	231	386
429	+	231	387
595	+	346	348
596	+	346	361
601	+	349	354
602	+	349	361
606	+	351	360
609	+	354	360
610	+	355	356
611	+	355	363
612	+	356	360
613	+	359	390
614	+	361	362
615	+	361	368
616	+	362	363
617	+	362	364
618	+	364	365
619	+	364	367
620	+	365	366
621	+	366	367
622	+	368	369
623	+	369	370
624	+	370	371
625	+	371	372
626	+	371	385
627	+	372	373
628	+	372	382
629	+	372	384
630	+	373	374
631	+	373	376
632	+	373	383
633	+	374	375
634	+	374	377
635	+	375	376
636	+	375	378
637	+	376	380
638	+	376	382
639	+	378	379
640	+	378	380
641	+	379	381
642	+	380	381
643	+	383	384
644	+	383	388
645	+	384	387
646	+	388	389
647	+	389	390
