406	+	214	229
412	+	218	363
415	+	220	365
428	+	228	230
469	+	251	321
473	+	253	296
474	+	253	323
481	+	256	284
489	+	259	262
498	+	263	312
533	+	283	295
545	+	291	334
547	+	292	397
548	+	294	335
549	+	294	397
552	+	296	334
558	+	298	396
564	+	300	396
584	+	310	322
585	+	310	396
594	+	323	396
599	+	325	331
602	+	326	338
605	+	328	340
609	+	331	342
614	+	333	335
618	+	336	397
623	+	343	393
624	+	343	395
638	+	349	363
650	+	357	358
658	+	364	368
666	+	369	393
668	+	370	392
696	+	392	395
