24	+	8	650
32	+	11	649
33	+	11	651
36	+	12	649
39	+	13	649
88	+	32	45
92	+	34	35
94	+	35	34
96	+	35	659
106	+	38	659
125	+	45	32
134	+	47	725
135	+	47	736
138	+	48	51
139	+	48	55
142	+	49	700
145	+	50	83
146	+	50	701
147	+	51	48
150	+	51	78
154	+	52	693
157	+	53	56
158	+	53	692
162	+	54	70
163	+	55	48
166	+	56	53
171	+	57	665
175	+	58	692
191	+	62	691
198	+	64	669
199	+	64	670
205	+	66	68
206	+	66	669
210	+	67	668
211	+	68	66
215	+	69	667
216	+	69	668
217	+	70	54
219	+	70	665
220	+	70	668
222	+	71	670
223	+	71	672
224	+	71	691
228	+	72	692
239	+	75	77
240	+	75	693
245	+	77	75
249	+	78	51
252	+	78	693
266	+	82	90
269	+	83	50
275	+	84	191
276	+	84	701
284	+	86	101
288	+	87	90
292	+	88	691
297	+	90	82
298	+	90	87
300	+	90	694
304	+	91	694
307	+	92	672
308	+	92	691
315	+	94	672
316	+	94	677
320	+	95	690
323	+	96	695
324	+	96	723
327	+	97	678
328	+	97	689
341	+	101	86
347	+	102	167
348	+	102	190
352	+	103	192
371	+	108	184
375	+	109	703
396	+	115	696
402	+	117	119
404	+	117	696
409	+	119	117
414	+	120	122
415	+	120	129
416	+	120	164
420	+	121	695
421	+	122	120
424	+	122	738
427	+	123	695
428	+	123	723
431	+	124	737
432	+	124	738
436	+	125	704
438	+	126	705
439	+	126	717
440	+	126	737
443	+	127	738
444	+	127	739
448	+	128	741
449	+	129	120
451	+	129	131
452	+	129	738
456	+	130	740
457	+	131	129
476	+	135	198
480	+	136	740
483	+	137	142
491	+	139	740
492	+	139	743
495	+	140	742
499	+	142	137
520	+	147	158
523	+	148	149
526	+	149	148
560	+	158	147
562	+	158	178
575	+	161	696
583	+	163	696
585	+	164	120
591	+	165	694
597	+	167	102
599	+	167	196
602	+	168	190
637	+	178	158
639	+	178	724
645	+	180	188
657	+	184	108
671	+	188	180
674	+	188	189
676	+	189	188
679	+	190	102
681	+	190	168
683	+	191	84
686	+	191	697
687	+	192	103
690	+	192	698
693	+	193	698
694	+	193	703
704	+	196	167
711	+	198	135
720	+	200	724
723	+	201	204
728	+	203	724
731	+	204	201
961	+	263	367
1160	+	315	407
1168	+	317	745
1169	+	317	747
1173	+	318	748
1185	+	321	749
1350	+	367	263
1425	+	388	395
1448	+	395	388
1451	+	395	396
1455	+	396	395
1485	+	407	315
1490	+	408	745
1521	+	418	750
1525	+	419	420
1528	+	420	419
1529	+	420	750
2366	+	649	11
2367	+	649	12
2368	+	649	13
2369	+	650	8
2370	+	651	11
2371	+	651	652
2372	+	652	651
2373	+	652	653
2374	+	653	652
2375	+	653	654
2376	+	654	653
2377	+	654	655
2378	+	655	654
2379	+	655	656
2380	+	655	661
2381	+	656	655
2382	+	656	657
2383	+	657	656
2384	+	657	658
2385	+	657	660
2386	+	658	657
2387	+	658	659
2388	+	658	664
2389	+	659	35
2390	+	659	38
2391	+	659	658
2392	+	659	660
2393	+	660	657
2394	+	660	659
2395	+	660	663
2396	+	661	655
2397	+	661	662
2398	+	661	663
2399	+	662	661
2400	+	663	660
2401	+	663	661
2402	+	664	658
2403	+	665	57
2404	+	665	70
2405	+	665	666
2406	+	666	665
2407	+	666	667
2408	+	666	668
2409	+	667	69
2410	+	667	666
2411	+	668	67
2412	+	668	69
2413	+	668	70
2414	+	668	666
2415	+	669	64
2416	+	669	66
2417	+	669	673
2418	+	670	64
2419	+	670	71
2420	+	670	671
2421	+	670	673
2422	+	671	670
2423	+	671	672
2424	+	671	674
2425	+	671	677
2426	+	672	71
2427	+	672	92
2428	+	672	94
2429	+	672	671
2430	+	673	669
2431	+	673	670
2432	+	673	674
2433	+	674	671
2434	+	674	673
2435	+	674	675
2436	+	675	674
2437	+	675	676
2438	+	675	677
2439	+	676	675
2440	+	676	678
2441	+	676	680
2442	+	677	94
2443	+	677	671
2444	+	677	675
2445	+	677	678
2446	+	678	97
2447	+	678	676
2448	+	678	677
2449	+	678	679
2450	+	679	678
2451	+	679	680
2452	+	679	681
2453	+	679	689
2454	+	680	676
2455	+	680	679
2456	+	680	687
2457	+	681	679
2458	+	681	682
2459	+	681	685
2460	+	681	687
2461	+	682	681
2462	+	682	683
2463	+	682	684
2464	+	682	689
2465	+	683	682
2466	+	683	690
2467	+	683	717
2468	+	683	737
2469	+	684	682
2470	+	684	685
2471	+	684	714
2472	+	684	717
2473	+	685	681
2474	+	685	684
2475	+	685	686
2476	+	685	715
2477	+	686	685
2478	+	686	687
2479	+	686	688
2480	+	687	680
2481	+	687	681
2482	+	687	686
2483	+	688	686
2484	+	688	715
2485	+	688	718
2486	+	689	97
2487	+	689	679
2488	+	689	682
2489	+	689	690
2490	+	690	95
2491	+	690	683
2492	+	690	689
2493	+	690	723
2494	+	691	62
2495	+	691	71
2496	+	691	88
2497	+	691	92
2498	+	692	53
2499	+	692	58
2500	+	692	72
2501	+	692	693
2502	+	693	52
2503	+	693	75
2504	+	693	78
2505	+	693	692
2506	+	694	90
2507	+	694	91
2508	+	694	165
2509	+	694	695
2510	+	695	96
2511	+	695	121
2512	+	695	123
2513	+	695	694
2514	+	696	115
2515	+	696	117
2516	+	696	161
2517	+	696	163
2518	+	697	191
2519	+	697	698
2520	+	697	699
2521	+	697	701
2522	+	698	192
2523	+	698	193
2524	+	698	697
2525	+	698	702
2526	+	699	697
2527	+	699	700
2528	+	699	702
2529	+	700	49
2530	+	700	699
2531	+	700	701
2532	+	701	50
2533	+	701	84
2534	+	701	697
2535	+	701	700
2536	+	702	698
2537	+	702	699
2538	+	702	703
2539	+	703	109
2540	+	703	193
2541	+	703	702
2542	+	704	125
2543	+	704	705
2544	+	704	707
2545	+	704	739
2546	+	705	126
2547	+	705	704
2548	+	705	706
2549	+	705	721
2550	+	706	705
2551	+	706	707
2552	+	706	710
2553	+	706	722
2554	+	707	704
2555	+	707	706
2556	+	707	708
2557	+	707	744
2558	+	708	707
2559	+	708	709
2560	+	708	710
2561	+	709	708
2562	+	709	742
2563	+	709	744
2564	+	710	706
2565	+	710	708
2566	+	710	711
2567	+	711	710
2568	+	711	712
2569	+	711	722
2570	+	712	711
2571	+	712	713
2572	+	712	719
2573	+	713	712
2574	+	713	714
2575	+	713	716
2576	+	713	722
2577	+	714	684
2578	+	714	713
2579	+	714	715
2580	+	714	721
2581	+	715	685
2582	+	715	688
2583	+	715	714
2584	+	715	716
2585	+	716	713
2586	+	716	715
2587	+	716	718
2588	+	716	719
2589	+	717	126
2590	+	717	683
2591	+	717	684
2592	+	717	721
2593	+	718	688
2594	+	718	716
2595	+	718	720
2596	+	719	712
2597	+	719	716
2598	+	719	720
2599	+	720	718
2600	+	720	719
2601	+	721	705
2602	+	721	714
2603	+	721	717
2604	+	721	722
2605	+	722	706
2606	+	722	711
2607	+	722	713
2608	+	722	721
2609	+	723	96
2610	+	723	123
2611	+	723	690
2612	+	723	737
2613	+	724	178
2614	+	724	200
2615	+	724	203
2616	+	725	47
2617	+	725	726
2618	+	725	729
2619	+	726	725
2620	+	726	727
2621	+	727	726
2622	+	727	728
2623	+	727	729
2624	+	728	727
2625	+	729	725
2626	+	729	727
2627	+	729	730
2628	+	730	729
2629	+	730	731
2630	+	731	730
2631	+	731	732
2632	+	732	731
2633	+	732	733
2634	+	732	735
2635	+	733	732
2636	+	733	734
2637	+	734	733
2638	+	735	732
2639	+	735	736
2640	+	736	47
2641	+	736	735
2642	+	737	124
2643	+	737	126
2644	+	737	683
2645	+	737	723
2646	+	738	122
2647	+	738	124
2648	+	738	127
2649	+	738	129
2650	+	739	127
2651	+	739	704
2652	+	739	741
2653	+	739	744
2654	+	740	130
2655	+	740	136
2656	+	740	139
2657	+	740	741
2658	+	741	128
2659	+	741	739
2660	+	741	740
2661	+	741	743
2662	+	742	140
2663	+	742	709
2664	+	742	743
2665	+	743	139
2666	+	743	741
2667	+	743	742
2668	+	743	744
2669	+	744	707
2670	+	744	709
2671	+	744	739
2672	+	744	743
2673	+	745	317
2674	+	745	408
2675	+	745	746
2676	+	746	745
2677	+	746	747
2678	+	747	317
2679	+	747	746
2680	+	747	748
2681	+	748	318
2682	+	748	747
2683	+	749	321
2684	+	749	750
2685	+	750	418
2686	+	750	420
2687	+	750	749
