4	+	1	5
15	+	4	757
16	+	5	1
18	+	5	761
22	+	6	754
26	+	7	12
40	+	12	7
47	+	13	751
50	+	14	752
51	+	14	759
55	+	15	751
57	+	16	755
58	+	16	764
61	+	17	759
62	+	17	831
65	+	18	782
68	+	19	764
69	+	19	766
72	+	20	781
73	+	20	782
76	+	21	24
77	+	21	780
81	+	22	779
85	+	23	776
86	+	24	21
88	+	24	782
89	+	24	832
96	+	26	33
97	+	26	734
100	+	27	772
101	+	27	776
117	+	31	42
121	+	32	736
122	+	33	26
125	+	33	733
128	+	34	660
129	+	34	772
144	+	38	664
147	+	39	773
154	+	42	31
172	+	46	726
1334	+	351	647
1820	+	484	853
1945	+	517	533
1972	+	524	532
1998	+	532	524
2000	+	533	517
2301	+	612	630
2343	+	624	626
2348	+	626	624
2361	+	630	612
2366	+	631	635
2372	+	633	636
2375	+	635	631
2380	+	636	633
2419	+	647	351
2425	+	649	752
2427	+	650	751
2428	+	650	754
2429	+	650	756
2432	+	651	752
2435	+	652	753
2438	+	653	774
2441	+	654	662
2447	+	656	663
2458	+	660	34
2465	+	661	775
2466	+	662	654
2468	+	662	774
2469	+	662	830
2470	+	663	656
2473	+	663	772
2474	+	664	38
2476	+	664	773
2693	+	725	735
2694	+	726	46
2701	+	728	777
2702	+	728	778
2706	+	729	778
2709	+	730	735
2712	+	731	833
2716	+	732	771
2717	+	733	33
2720	+	733	736
2721	+	734	26
2723	+	734	771
2724	+	734	779
2725	+	735	725
2726	+	735	730
2729	+	736	32
2731	+	736	733
2779	+	751	13
2780	+	751	15
2781	+	751	650
2782	+	751	755
2783	+	752	14
2784	+	752	649
2785	+	752	651
2786	+	752	753
2787	+	753	652
2788	+	753	752
2789	+	753	759
2790	+	753	774
2791	+	754	6
2792	+	754	650
2793	+	754	757
2794	+	754	758
2795	+	755	16
2796	+	755	751
2797	+	755	756
2798	+	755	763
2799	+	756	650
2800	+	756	755
2801	+	756	758
2802	+	756	762
2803	+	757	4
2804	+	757	754
2805	+	757	760
2806	+	757	761
2807	+	758	754
2808	+	758	756
2809	+	758	760
2810	+	758	786
2811	+	759	14
2812	+	759	17
2813	+	759	753
2814	+	759	783
2815	+	760	757
2816	+	760	758
2817	+	760	787
2818	+	760	819
2819	+	761	5
2820	+	761	757
2821	+	761	787
2822	+	762	756
2823	+	762	763
2824	+	762	784
2825	+	762	786
2826	+	763	755
2827	+	763	762
2828	+	763	764
2829	+	763	820
2830	+	764	16
2831	+	764	19
2832	+	764	763
2833	+	764	765
2834	+	765	764
2835	+	765	766
2836	+	765	820
2837	+	765	825
2838	+	766	19
2839	+	766	765
2840	+	766	767
2841	+	766	781
2842	+	767	766
2843	+	767	768
2844	+	767	825
2845	+	767	828
2846	+	768	767
2847	+	768	769
2848	+	768	781
2849	+	768	821
2850	+	769	768
2851	+	769	770
2852	+	769	780
2853	+	769	822
2854	+	770	769
2855	+	770	771
2856	+	770	779
2857	+	770	829
2858	+	771	732
2859	+	771	734
2860	+	771	770
2861	+	772	27
2862	+	772	34
2863	+	772	663
2864	+	772	775
2865	+	773	39
2866	+	773	664
2867	+	774	653
2868	+	774	662
2869	+	774	753
2870	+	774	783
2871	+	775	661
2872	+	775	772
2873	+	775	776
2874	+	775	830
2875	+	776	23
2876	+	776	27
2877	+	776	775
2878	+	776	832
2879	+	777	728
2880	+	777	897
2881	+	777	898
2882	+	778	728
2883	+	778	729
2884	+	778	841
2885	+	779	22
2886	+	779	734
2887	+	779	770
2888	+	779	780
2889	+	780	21
2890	+	780	769
2891	+	780	779
2892	+	780	781
2893	+	781	20
2894	+	781	766
2895	+	781	768
2896	+	781	780
2897	+	782	18
2898	+	782	20
2899	+	782	24
2900	+	782	831
2901	+	783	759
2902	+	783	774
2903	+	783	830
2904	+	783	831
2905	+	784	762
2906	+	784	785
2907	+	784	809
2908	+	784	820
2909	+	785	784
2910	+	785	786
2911	+	785	792
2912	+	785	818
2913	+	786	758
2914	+	786	762
2915	+	786	785
2916	+	786	819
2917	+	787	760
2918	+	787	761
2919	+	787	788
2920	+	788	787
2921	+	788	789
2922	+	788	819
2923	+	789	788
2924	+	789	790
2925	+	789	818
2926	+	790	789
2927	+	790	791
2928	+	790	869
2929	+	791	790
2930	+	791	792
2931	+	791	798
2932	+	792	785
2933	+	792	791
2934	+	792	793
2935	+	792	809
2936	+	793	792
2937	+	793	794
2938	+	793	796
2939	+	793	798
2940	+	794	793
2941	+	794	795
2942	+	794	809
2943	+	794	810
2944	+	795	794
2945	+	795	807
2946	+	795	808
2947	+	795	826
2948	+	796	793
2949	+	796	797
2950	+	796	799
2951	+	796	810
2952	+	797	796
2953	+	797	800
2954	+	797	802
2955	+	797	803
2956	+	798	791
2957	+	798	793
2958	+	798	799
2959	+	798	869
2960	+	799	796
2961	+	799	798
2962	+	799	800
2963	+	799	870
2964	+	800	797
2965	+	800	799
2966	+	800	801
2967	+	800	868
2968	+	801	800
2969	+	801	802
2970	+	801	866
2971	+	801	867
2972	+	802	797
2973	+	802	801
2974	+	802	804
2975	+	802	860
2976	+	803	797
2977	+	803	804
2978	+	803	806
2979	+	803	810
2980	+	804	802
2981	+	804	803
2982	+	804	805
2983	+	804	813
2984	+	805	804
2985	+	805	806
2986	+	805	811
2987	+	805	814
2988	+	806	803
2989	+	806	805
2990	+	806	807
2991	+	806	817
2992	+	807	795
2993	+	807	806
2994	+	807	810
2995	+	807	827
2996	+	808	795
2997	+	808	809
2998	+	808	820
2999	+	808	825
3000	+	809	784
3001	+	809	792
3002	+	809	794
3003	+	809	808
3004	+	810	794
3005	+	810	796
3006	+	810	803
3007	+	810	807
3008	+	811	805
3009	+	811	812
3010	+	811	815
3011	+	811	817
3012	+	812	811
3013	+	812	814
3014	+	812	816
3015	+	812	852
3016	+	813	804
3017	+	813	814
3018	+	813	858
3019	+	813	860
3020	+	814	805
3021	+	814	812
3022	+	814	813
3023	+	814	855
3024	+	815	811
3025	+	815	816
3026	+	815	872
3027	+	815	878
3028	+	816	812
3029	+	816	815
3030	+	816	848
3031	+	816	849
3032	+	817	806
3033	+	817	811
3034	+	817	827
3035	+	817	872
3036	+	818	785
3037	+	818	789
3038	+	818	819
3039	+	819	760
3040	+	819	786
3041	+	819	788
3042	+	819	818
3043	+	820	763
3044	+	820	765
3045	+	820	784
3046	+	820	808
3047	+	821	768
3048	+	821	822
3049	+	821	823
3050	+	821	828
3051	+	822	769
3052	+	822	821
3053	+	822	829
3054	+	822	877
3055	+	823	821
3056	+	823	824
3057	+	823	873
3058	+	823	877
3059	+	824	823
3060	+	824	872
3061	+	824	876
3062	+	824	878
3063	+	825	765
3064	+	825	767
3065	+	825	808
3066	+	825	826
3067	+	826	795
3068	+	826	825
3069	+	826	827
3070	+	826	828
3071	+	827	807
3072	+	827	817
3073	+	827	826
3074	+	827	873
3075	+	828	767
3076	+	828	821
3077	+	828	826
3078	+	828	873
3079	+	829	770
3080	+	829	822
3081	+	829	833
3082	+	829	834
3083	+	830	662
3084	+	830	775
3085	+	830	783
3086	+	830	832
3087	+	831	17
3088	+	831	782
3089	+	831	783
3090	+	831	832
3091	+	832	24
3092	+	832	776
3093	+	832	830
3094	+	832	831
3095	+	833	731
3096	+	833	829
3097	+	833	835
3098	+	834	829
3099	+	834	835
3100	+	834	843
3101	+	834	877
3102	+	835	833
3103	+	835	834
3104	+	835	836
3105	+	835	842
3106	+	836	835
3107	+	836	837
3108	+	836	841
3109	+	837	836
3110	+	837	838
3111	+	837	840
3112	+	837	842
3113	+	838	837
3114	+	838	839
3115	+	838	879
3116	+	838	883
3117	+	839	838
3118	+	839	840
3119	+	839	884
3120	+	840	837
3121	+	840	839
3122	+	840	841
3123	+	841	778
3124	+	841	836
3125	+	841	840
3126	+	842	835
3127	+	842	837
3128	+	842	843
3129	+	843	834
3130	+	843	842
3131	+	843	844
3132	+	843	876
3133	+	844	843
3134	+	844	845
3135	+	844	846
3136	+	844	879
3137	+	845	844
3138	+	845	847
3139	+	845	876
3140	+	845	878
3141	+	846	844
3142	+	846	847
3143	+	846	880
3144	+	846	881
3145	+	847	845
3146	+	847	846
3147	+	847	848
3148	+	847	874
3149	+	848	816
3150	+	848	847
3151	+	848	851
3152	+	848	878
3153	+	849	816
3154	+	849	850
3155	+	849	851
3156	+	849	852
3157	+	850	849
3158	+	850	853
3159	+	850	871
3160	+	851	848
3161	+	851	849
3162	+	851	871
3163	+	851	874
3164	+	852	812
3165	+	852	849
3166	+	852	853
3167	+	852	855
3168	+	853	484
3169	+	853	850
3170	+	853	852
3171	+	853	854
3172	+	854	853
3173	+	854	855
3174	+	854	856
3175	+	855	814
3176	+	855	852
3177	+	855	854
3178	+	855	858
3179	+	856	854
3180	+	856	857
3181	+	856	858
3182	+	857	856
3183	+	857	859
3184	+	857	862
3185	+	858	813
3186	+	858	855
3187	+	858	856
3188	+	858	859
3189	+	859	857
3190	+	859	858
3191	+	859	860
3192	+	859	861
3193	+	860	802
3194	+	860	813
3195	+	860	859
3196	+	860	866
3197	+	861	859
3198	+	861	862
3199	+	861	864
3200	+	861	866
3201	+	862	857
3202	+	862	861
3203	+	862	863
3204	+	863	862
3205	+	863	864
3206	+	864	861
3207	+	864	863
3208	+	864	865
3209	+	865	864
3210	+	865	866
3211	+	865	867
3212	+	866	801
3213	+	866	860
3214	+	866	861
3215	+	866	865
3216	+	867	801
3217	+	867	865
3218	+	867	868
3219	+	868	800
3220	+	868	867
3221	+	868	870
3222	+	869	790
3223	+	869	798
3224	+	869	870
3225	+	870	799
3226	+	870	868
3227	+	870	869
3228	+	871	850
3229	+	871	851
3230	+	871	875
3231	+	872	815
3232	+	872	817
3233	+	872	824
3234	+	872	873
3235	+	873	823
3236	+	873	827
3237	+	873	828
3238	+	873	872
3239	+	874	847
3240	+	874	851
3241	+	874	875
3242	+	874	881
3243	+	875	871
3244	+	875	874
3245	+	875	882
3246	+	876	824
3247	+	876	843
3248	+	876	845
3249	+	876	877
3250	+	877	822
3251	+	877	823
3252	+	877	834
3253	+	877	876
3254	+	878	815
3255	+	878	824
3256	+	878	845
3257	+	878	848
3258	+	879	838
3259	+	879	844
3260	+	879	880
3261	+	880	846
3262	+	880	879
3263	+	880	883
3264	+	880	894
3265	+	881	846
3266	+	881	874
3267	+	881	882
3268	+	881	894
3269	+	882	875
3270	+	882	881
3271	+	882	893
3272	+	883	838
3273	+	883	880
3274	+	883	884
3275	+	883	895
3276	+	884	839
3277	+	884	883
3278	+	884	885
3279	+	884	896
3280	+	885	884
3281	+	885	886
3282	+	885	888
3283	+	886	885
3284	+	886	887
3285	+	886	890
3286	+	886	896
3287	+	887	886
3288	+	887	888
3289	+	887	889
3290	+	888	885
3291	+	888	887
3292	+	888	897
3293	+	889	887
3294	+	889	890
3295	+	890	886
3296	+	890	889
3297	+	890	891
3298	+	891	890
3299	+	891	892
3300	+	891	896
3301	+	892	891
3302	+	892	893
3303	+	892	895
3304	+	893	882
3305	+	893	892
3306	+	893	894
3307	+	894	880
3308	+	894	881
3309	+	894	893
3310	+	894	895
3311	+	895	883
3312	+	895	892
3313	+	895	894
3314	+	895	896
3315	+	896	884
3316	+	896	886
3317	+	896	891
3318	+	896	895
3319	+	897	777
3320	+	897	888
3321	+	898	777
