57	+	16	18
64	+	18	16
761	+	199	203
772	+	203	199
1191	+	311	404
1247	+	325	403
1282	+	334	402
1524	+	402	334
1525	+	403	325
1529	+	404	311
1532	+	404	410
1548	+	410	404
2722	+	730	841
2726	+	731	836
2875	+	771	833
2900	+	778	898
2948	+	791	818
3055	+	818	791
3114	+	833	771
3125	+	836	731
3140	+	839	899
3144	+	840	898
3145	+	841	730
3152	+	842	879
3283	+	879	842
3308	+	885	899
3347	+	897	899
3349	+	898	778
3350	+	898	840
3351	+	898	899
3352	+	899	839
3353	+	899	885
3354	+	899	897
3355	+	899	898
