1
1
1
1
1
1
1
1
1
1
1
1
1
1
1
1
1
1
1
1
1
1
1
1
1
8
8
10
10
10
10
8
8
10
10
10
10
10
1
1
1
1
1
1
1
1
3
3
3
3
3
3
3
3
3
8
8
8
1
1
1
8
8
3
3
3
3
3
3
3
3
1
3
3
3
3
3
3
3
3
3
3
8
8
8
8
8
8
8
8
5
5
5
5
5
5
5
5
6
5
5
5
5
5
5
5
4
4
4
4
4
4
6
5
5
6
6
6
6
6
6
6
6
6
6
6
6
6
4
4
5
4
4
4
4
4
4
4
4
4
4
4
4
9
9
9
9
9
9
9
9
9
9
9
9
6
4
9
9
9
9
9
9
9
6
9
4
4
4
4
4
4
4
4
6
5
5
5
5
5
8
8
10
8
3
3
3
3
3
3
5
6
6
6
6
6
6
5
5
0
0
7
7
7
0
7
7
7
7
7
7
7
7
7
7
7
7
7
2
2
2
2
2
2
2
2
2
2
2
2
2
0
2
0
0
0
0
0
0
0
0
0
0
0
0
0
0
0
0
2
2
2
2
2
2
2
2
2
2
2
2
2
2
2
2
2
2
2
2
2
2
7
7
7
7
7
2
0
0
0
0
0
0
0
0
0
0
0
0
0
0
0
0
0
0
