8
8
8
8
9
9
9
9
9
0
0
0
0
0
0
8
8
8
8
8
9
9
9
7
7
7
7
8
8
8
8
7
7
8
8
8
8
8
9
9
9
9
8
9
9
0
0
0
0
0
0
0
0
0
0
7
7
7
7
7
0
7
7
0
0
0
0
0
0
0
0
9
0
0
0
0
0
0
0
0
0
0
7
7
7
7
7
7
7
7
2
2
2
2
5
5
5
2
2
2
5
5
5
5
5
5
5
2
2
4
4
5
2
2
2
2
2
2
2
2
2
2
2
2
2
2
2
2
5
5
2
5
5
4
5
4
4
4
5
4
4
4
4
4
4
4
4
4
4
4
4
4
4
4
4
2
4
4
4
4
4
4
4
4
2
4
5
4
5
5
5
5
5
5
2
5
5
5
5
5
7
7
8
7
0
0
0
0
0
0
2
2
2
2
2
2
2
5
5
3
3
3
3
3
3
3
3
3
3
3
3
3
3
3
3
3
3
3
3
3
6
6
1
1
6
6
6
6
1
1
1
1
6
3
3
3
3
3
3
3
1
3
1
1
1
1
1
1
1
6
6
6
6
6
6
6
6
6
6
6
6
6
6
6
6
6
6
6
6
6
6
3
3
3
3
3
6
1
1
1
1
1
1
1
1
1
1
1
1
1
1
1
1
1
1
1
1
1
1
1
5
