6
6
6
6
6
6
6
6
6
1
1
1
1
1
1
6
6
6
6
6
6
6
6
9
9
9
9
6
6
6
6
9
9
6
6
6
6
6
6
6
6
6
6
6
6
1
1
1
1
1
1
1
1
1
1
9
9
9
9
9
1
9
9
1
1
1
1
1
1
1
1
6
1
1
1
1
1
1
1
1
1
1
9
9
9
9
9
9
9
9
5
5
5
5
7
7
7
5
5
5
7
7
7
7
7
7
7
5
5
8
8
7
5
5
5
5
5
5
5
5
5
5
5
5
5
5
5
5
7
7
5
7
7
8
7
8
8
8
7
8
8
8
8
8
8
8
8
8
8
8
8
8
8
8
8
5
8
8
8
8
8
8
8
8
5
8
7
8
7
7
7
7
7
7
5
7
7
7
7
7
9
9
6
9
1
1
1
1
1
1
5
5
5
5
5
5
5
7
7
11
11
11
0
0
0
11
11
11
11
11
11
11
11
11
0
0
0
0
0
0
0
0
0
0
0
0
0
0
0
0
0
3
0
0
3
3
3
3
3
3
3
3
3
3
3
3
3
3
3
0
0
0
0
0
0
0
0
0
0
0
0
0
0
0
0
0
0
0
0
0
0
11
11
11
11
11
0
3
3
3
3
3
3
3
3
3
3
3
3
3
3
3
3
3
3
3
3
3
3
3
7
10
10
10
10
10
10
4
4
10
10
4
4
4
4
4
4
4
4
4
4
4
4
4
4
4
10
4
4
4
4
4
4
4
4
4
4
4
4
4
4
4
4
10
10
10
10
4
4
10
10
2
2
10
10
10
2
2
2
2
2
2
2
2
2
2
2
2
2
2
2
2
2
2
2
2
2
4
4
4
10
10
2
2
2
2
2
2
2
2
2
2
2
2
2
10
2
2
2
2
