2
2
2
2
1
1
1
1
1
1
1
1
1
1
1
2
2
2
2
2
1
1
1
2
2
2
2
2
2
2
2
2
2
2
2
2
2
2
1
1
1
1
2
1
1
1
1
1
11
11
1
1
11
11
11
2
8
8
8
8
1
8
8
8
11
8
1
11
11
8
1
1
1
11
11
11
11
11
11
8
8
8
8
8
8
8
8
2
8
8
6
7
7
6
6
6
6
6
7
7
6
6
6
6
6
6
6
6
4
4
4
4
7
7
7
7
7
5
5
5
5
7
7
7
7
7
7
7
6
6
6
4
4
4
4
4
4
4
4
4
4
4
4
5
5
5
5
5
5
5
5
5
5
5
5
7
4
5
5
5
5
5
5
5
5
5
4
4
4
4
4
4
4
4
7
6
6
6
6
6
2
2
2
8
11
11
11
11
8
8
7
7
7
7
7
7
7
6
6
3
3
9
9
9
3
9
9
9
9
9
9
9
9
9
9
9
9
9
0
0
0
0
3
10
0
0
0
0
10
10
10
10
0
3
3
3
3
3
3
3
3
3
3
3
3
3
3
3
3
0
0
0
0
0
0
0
0
0
0
0
0
0
0
0
0
0
0
0
0
0
0
9
9
9
9
9
0
10
3
3
3
3
3
3
3
3
10
10
10
10
10
10
10
10
10
10
10
10
10
10
6
