4
4
4
4
3
3
3
3
3
3
3
3
3
3
3
4
4
4
4
4
3
3
3
4
4
4
4
4
4
4
4
4
4
4
4
4
4
4
3
3
3
3
4
3
3
3
3
3
10
10
3
3
10
10
10
4
7
7
7
7
3
7
7
7
10
7
3
10
10
7
3
3
3
10
10
10
10
10
10
7
7
7
7
7
7
7
7
4
7
7
1
1
1
1
1
1
1
1
1
1
1
0
0
0
0
0
0
1
5
5
0
0
1
1
1
1
1
5
5
5
5
1
1
1
1
1
1
1
0
0
1
0
0
0
0
0
5
0
0
0
5
0
5
5
5
5
5
5
5
5
5
5
5
5
5
1
0
5
5
5
5
5
5
5
5
5
0
0
0
0
0
0
0
0
1
0
0
0
0
0
4
4
4
7
10
10
10
10
7
7
1
1
1
1
1
1
1
0
0
6
6
8
8
8
6
8
8
8
8
8
8
8
8
8
8
8
8
8
2
2
2
2
6
9
2
2
2
2
9
9
9
9
2
6
6
6
6
6
6
6
6
6
6
6
6
6
6
6
6
2
2
2
2
2
2
2
2
2
2
2
2
2
2
2
2
2
2
2
2
2
2
8
8
8
8
8
2
9
6
6
6
6
6
6
6
6
9
9
9
9
9
9
9
9
9
9
9
9
9
9
0
