5
5
5
5
5
5
9
9
9
9
9
9
9
9
9
5
5
5
5
5
5
9
9
11
5
5
5
5
5
5
5
11
11
5
5
5
5
5
9
9
9
5
5
5
9
9
9
9
6
6
9
9
6
6
6
11
11
11
11
11
9
11
11
6
6
6
6
6
6
11
9
9
9
6
6
6
6
6
6
6
6
6
11
11
11
11
11
11
11
11
4
8
8
4
4
4
4
4
8
8
4
4
4
4
4
4
4
4
4
1
1
4
8
8
8
8
8
1
1
1
1
8
8
8
8
8
8
8
4
4
4
4
4
1
1
1
1
1
1
1
1
1
1
1
1
1
1
1
1
1
1
1
1
1
1
8
1
1
1
1
1
1
1
1
1
1
4
1
1
1
1
1
1
1
8
4
4
4
4
4
11
11
5
11
6
6
6
6
6
6
8
8
8
8
8
8
8
4
4
0
0
0
0
0
0
0
0
0
0
0
0
0
0
0
0
3
3
0
3
3
3
3
0
12
3
3
3
3
12
12
12
12
3
0
0
0
0
0
0
0
0
0
0
0
0
0
0
0
0
3
3
3
3
3
3
3
3
3
3
3
3
3
3
3
3
3
3
3
3
3
3
0
7
0
0
0
3
12
0
0
0
0
0
0
0
0
12
12
12
12
12
12
12
12
12
12
12
12
12
12
4
7
7
7
7
7
7
10
10
7
7
10
10
13
13
13
13
7
7
13
13
13
13
10
7
7
7
13
13
10
10
10
10
10
10
10
10
10
10
10
10
10
10
7
7
7
7
10
10
7
7
2
2
7
7
7
2
2
2
2
2
2
2
2
2
2
2
2
2
2
2
2
2
2
2
2
2
10
10
10
7
7
2
2
2
2
2
2
2
2
2
2
2
2
2
7
2
2
2
2
