10
10
10
10
10
10
10
10
10
3
3
3
3
3
3
10
10
10
2
2
2
2
2
2
2
2
2
2
2
2
2
2
2
2
2
2
2
2
10
10
10
10
10
10
10
3
3
3
3
3
3
3
3
3
3
2
2
1
1
2
3
1
1
1
1
1
3
3
1
1
3
10
3
3
1
1
1
1
1
1
1
1
1
1
1
1
1
2
1
1
7
4
4
7
7
7
7
7
4
4
7
7
7
7
7
7
7
7
6
6
6
6
4
4
4
4
4
5
5
5
5
4
4
4
4
4
4
4
7
7
7
6
6
6
6
6
6
6
6
6
6
6
6
5
5
5
5
5
5
5
5
5
5
5
5
4
6
5
5
5
5
5
5
5
5
5
6
6
6
6
6
6
6
6
4
7
7
7
7
7
2
2
2
1
3
3
3
1
1
1
4
4
4
4
4
4
4
7
7
9
9
9
9
9
9
9
9
9
9
9
9
9
8
8
8
8
8
8
8
0
8
0
0
0
0
11
11
11
0
0
0
0
8
8
0
9
9
9
9
9
0
9
0
0
0
0
0
0
0
8
8
11
11
11
11
11
11
11
11
11
11
11
11
11
11
11
8
8
8
8
8
8
8
8
9
9
8
0
0
0
0
0
0
0
0
0
0
0
0
0
0
0
0
0
0
0
0
0
0
0
7
8
