6
6
6
6
6
6
6
6
6
6
6
6
6
6
6
6
6
6
6
6
6
6
6
6
6
6
6
6
6
3
3
3
6
6
6
6
6
6
6
6
6
6
6
6
6
6
6
6
10
10
6
6
7
3
3
3
3
3
3
3
3
3
3
3
7
7
7
7
7
7
7
7
7
7
7
7
7
7
7
7
2
2
2
2
2
2
2
2
2
2
2
12
12
12
12
12
12
12
12
12
12
12
12
12
12
12
2
2
2
2
2
2
2
2
2
2
2
2
2
2
2
2
2
2
2
2
2
2
2
2
2
2
2
2
2
2
2
2
2
2
2
2
1
1
1
1
1
1
1
1
1
1
1
1
1
1
1
1
1
1
1
1
1
2
2
2
2
2
2
2
12
9
9
1
1
12
12
9
1
2
2
2
2
2
2
2
12
12
12
12
12
12
12
12
12
12
12
12
12
12
10
10
10
10
10
10
10
10
7
10
7
7
10
7
7
7
7
7
7
7
7
7
7
7
7
7
7
10
10
10
10
6
10
10
10
10
10
10
10
10
10
6
6
6
6
6
6
6
6
3
3
3
3
3
3
3
3
3
6
6
3
3
3
3
3
3
3
3
3
3
3
3
3
3
3
3
3
3
3
3
3
3
3
3
3
3
3
3
4
7
3
3
3
3
3
3
3
3
3
7
7
7
7
7
7
7
7
7
7
7
7
7
7
7
7
7
10
10
10
10
10
6
6
6
6
6
3
3
7
7
3
3
10
10
10
10
10
10
10
10
10
10
10
10
7
7
9
9
1
1
1
9
9
9
9
9
9
9
12
9
9
12
12
2
2
2
2
2
2
2
9
9
9
1
1
2
2
1
1
1
1
1
1
9
9
9
9
9
9
9
9
9
9
9
9
9
9
9
9
1
1
1
1
1
1
1
1
9
9
9
9
1
1
1
1
1
1
1
9
9
9
9
9
9
9
9
9
9
1
1
1
1
1
1
1
1
1
1
1
1
1
1
1
1
1
1
1
1
1
1
4
4
4
4
4
4
4
4
4
4
4
4
4
4
4
4
4
4
4
4
4
4
4
4
4
4
4
4
4
4
4
4
4
4
4
4
4
5
5
5
5
5
5
5
5
5
5
5
5
5
5
5
5
5
5
4
5
5
5
5
5
5
5
5
5
5
5
5
5
5
5
5
5
5
5
5
5
5
5
5
5
0
5
5
5
5
5
5
5
5
0
0
0
0
0
0
0
0
0
0
0
0
0
0
0
0
0
0
0
0
0
0
0
0
0
0
0
0
0
0
0
0
0
0
0
0
0
0
0
0
0
0
0
0
0
0
13
13
13
13
13
13
13
13
13
13
13
13
13
13
13
4
13
4
4
4
4
4
4
4
4
4
4
4
4
5
4
4
4
4
5
5
0
0
0
4
4
4
0
0
4
4
4
4
5
5
5
5
0
0
13
13
13
13
0
0
0
13
13
0
4
0
5
5
0
0
5
5
5
0
0
0
0
0
0
0
0
0
5
0
0
0
0
0
15
15
15
15
15
15
15
15
15
15
15
15
15
8
8
8
8
8
8
8
8
8
8
8
8
8
8
8
8
8
8
8
8
8
8
8
8
8
8
8
8
8
8
8
8
8
8
8
8
8
8
8
8
8
8
8
8
8
8
8
8
8
8
8
8
11
11
11
11
11
11
11
11
11
11
11
11
11
11
11
11
11
11
11
11
11
11
11
14
11
11
11
11
11
11
11
11
11
11
11
11
11
11
14
14
14
14
14
14
14
14
14
14
14
14
14
14
14
14
14
14
