1
1
1
1
1
1
1
1
1
1
1
1
1
1
1
1
1
1
1
1
1
1
1
10
10
10
10
10
10
10
10
10
10
10
13
13
13
13
13
13
13
13
13
13
13
13
13
13
13
10
10
10
10
10
1
10
10
1
1
1
1
1
1
1
1
1
1
1
10
10
10
10
3
10
10
10
10
3
3
3
3
3
3
3
3
3
3
3
3
3
3
3
3
3
3
3
3
3
3
3
3
3
3
3
3
3
3
3
3
3
13
13
13
13
13
13
13
4
4
4
4
4
4
4
4
4
4
4
4
4
4
4
4
4
4
4
4
4
4
4
4
4
4
14
4
4
4
4
4
4
4
14
14
14
14
0
0
14
14
14
14
0
0
0
0
0
0
0
0
0
0
0
0
0
0
0
8
8
8
8
8
0
0
0
0
8
0
0
8
0
0
0
0
0
0
15
15
8
0
0
15
15
15
15
15
15
15
8
0
0
0
0
8
8
8
8
8
8
8
8
8
8
8
2
2
2
2
2
2
2
2
2
2
2
2
2
2
2
2
2
2
2
2
15
8
15
15
15
15
15
2
2
2
5
5
5
5
2
8
8
8
8
7
5
5
5
5
5
5
5
5
5
5
5
5
5
5
5
5
5
5
5
5
5
5
5
5
5
5
5
5
2
2
2
2
2
2
2
2
2
2
2
8
8
0
0
15
8
7
7
7
7
14
14
14
14
14
14
14
14
7
7
7
7
7
7
7
7
7
7
7
7
7
7
7
7
7
7
7
7
7
7
7
7
7
7
7
5
6
6
6
6
6
6
6
6
6
6
6
6
6
6
6
6
6
6
6
6
6
6
6
6
6
6
6
6
6
11
11
11
11
11
11
11
11
11
11
11
11
11
11
11
6
11
6
6
6
9
9
9
9
9
9
9
12
16
16
9
9
9
9
9
9
9
9
9
9
12
12
12
12
12
12
12
12
12
12
11
11
11
9
11
11
11
11
11
16
16
16
16
16
16
16
16
16
16
16
16
16
12
12
12
12
12
12
12
12
12
12
12
12
9
9
11
9
9
9
9
9
9
9
9
