12
12
12
12
12
12
12
12
12
12
12
12
12
12
12
12
7
7
7
12
12
12
12
7
12
12
3
7
3
3
3
3
3
3
3
3
4
4
4
4
4
4
4
4
4
3
3
3
7
12
3
3
12
12
12
3
12
12
12
12
12
12
12
12
12
12
12
12
12
12
12
3
3
3
3
3
3
3
3
3
3
3
3
3
3
3
3
3
3
3
3
3
3
3
3
3
3
3
3
3
3
3
3
3
3
3
3
3
3
3
3
3
3
3
3
4
4
4
4
4
4
4
4
4
4
4
4
4
4
4
4
4
4
4
4
4
4
4
4
4
4
4
4
4
4
4
4
4
4
4
4
0
7
4
0
0
0
4
0
0
6
0
0
0
0
0
0
0
0
0
0
0
0
0
0
0
0
0
0
0
0
0
0
0
0
0
0
0
0
0
0
0
0
0
0
0
0
0
0
0
0
0
0
11
11
11
0
0
0
0
0
0
0
0
0
0
0
0
0
0
0
0
10
11
11
10
10
11
10
10
10
10
10
11
11
11
11
11
11
11
11
11
11
11
0
11
11
11
11
11
11
11
10
10
10
10
10
10
0
10
10
10
6
6
6
10
10
10
10
10
6
6
6
6
6
6
6
6
6
6
10
10
10
10
10
10
10
10
10
10
10
10
10
10
10
10
10
11
11
11
11
11
0
0
0
0
11
0
0
0
0
0
0
0
0
0
6
6
6
6
6
6
6
6
6
6
6
6
6
6
6
6
6
6
6
6
6
0
6
6
6
6
6
6
6
6
6
6
5
5
5
5
5
5
5
5
5
5
5
1
1
1
1
5
5
5
5
5
5
5
5
5
5
5
5
5
5
5
5
5
5
5
5
5
5
1
1
1
1
5
1
1
1
1
1
5
1
1
1
1
1
1
1
1
1
1
1
1
1
1
1
1
1
1
1
1
1
1
1
1
1
1
1
1
1
1
1
1
1
1
1
1
1
1
1
1
5
5
5
5
5
5
5
5
14
8
8
8
1
8
8
8
8
8
8
8
8
8
8
1
1
1
1
1
1
1
1
1
1
1
1
1
3
3
3
3
3
3
4
4
3
7
7
7
7
7
7
7
7
7
7
7
7
7
7
7
7
7
7
7
7
7
7
7
7
7
7
7
7
7
7
7
7
7
7
7
7
7
0
6
6
6
6
11
11
11
11
11
11
11
11
11
11
11
11
11
11
10
0
10
10
10
10
10
6
6
6
6
0
5
5
14
5
14
14
14
14
14
14
14
14
14
5
5
5
5
5
5
5
8
8
14
14
8
14
8
8
8
8
8
8
8
8
8
1
5
1
5
5
14
5
5
14
14
14
14
14
14
14
14
14
14
8
8
8
8
8
8
8
8
8
14
8
8
8
8
8
8
8
8
13
2
2
2
2
2
2
2
2
2
2
2
2
2
2
2
2
2
2
2
2
2
2
2
2
2
2
2
2
2
2
2
2
2
2
2
2
2
2
2
2
2
2
2
2
2
2
2
13
13
13
13
13
13
13
13
13
13
13
15
15
15
15
15
15
15
15
15
15
4
4
7
7
7
7
7
7
7
7
4
4
4
4
4
4
4
3
3
4
4
4
4
4
0
14
14
14
1
14
14
14
14
14
13
13
13
13
15
13
13
13
13
13
13
13
13
13
13
13
13
13
13
13
13
2
2
13
13
13
13
13
15
15
15
15
15
15
15
15
15
15
15
14
8
8
1
8
1
1
1
1
1
1
8
8
8
1
1
15
15
15
15
15
15
13
2
2
2
2
2
2
2
2
2
2
9
9
9
9
9
9
9
9
9
9
9
9
9
16
16
16
16
16
16
16
16
16
16
16
16
16
15
15
15
15
15
15
9
9
9
9
9
9
9
9
9
9
9
9
9
9
9
9
9
9
9
9
9
9
9
9
9
9
9
9
9
9
9
9
9
2
2
2
2
2
2
2
2
2
2
2
8
8
8
