0	1
0	47
1	2
1	6
2	3
2	5
2	47
3	4
3	46
3	50
4	5
4	9
4	45
5	6
5	8
6	7
7	8
7	12
8	9
8	11
9	10
9	44
10	11
10	42
11	12
11	173
12	13
13	14
13	173
14	15
14	16
16	17
17	18
18	19
19	20
19	187
20	21
20	177
20	186
21	22
21	57
21	176
22	23
22	186
22	38
23	24
23	25
23	58
24	182
24	183
24	186
25	26
25	38
25	28
26	27
26	58
27	28
27	30
27	69
28	29
28	39
29	30
29	40
29	33
30	31
30	70
31	32
31	33
31	34
32	70
32	72
32	37
33	51
33	56
34	35
34	37
34	51
35	36
35	73
36	51
36	55
37	75
37	73
38	39
38	57
39	40
39	41
40	43
40	56
41	42
41	43
41	57
42	44
43	44
43	48
44	45
45	48
45	50
46	47
46	54
48	49
48	56
49	50
49	52
49	53
50	54
51	52
52	55
52	56
53	54
53	55
57	175
58	59
59	60
59	62
60	61
60	67
61	62
61	63
62	64
63	66
63	64
64	65
65	66
67	68
68	71
68	69
68	76
69	70
70	71
71	72
72	75
73	74
74	75
76	77
76	83
76	154
77	78
77	79
78	148
78	149
79	80
79	148
79	83
80	81
80	145
80	188
81	82
81	83
81	84
82	153
82	141
82	143
83	153
84	85
84	141
84	145
85	86
85	87
85	138
86	105
86	139
86	167
87	88
87	167
87	145
88	89
88	90
88	169
89	145
89	146
89	188
90	91
90	92
90	146
91	172
91	169
91	95
92	93
92	95
93	94
93	146
94	147
94	151
95	96
96	97
96	172
97	98
97	189
98	99
98	171
98	172
99	100
99	103
99	168
100	101
100	102
100	104
101	106
101	108
101	168
102	105
102	110
102	108
103	104
103	169
103	172
104	105
104	167
105	140
106	107
106	155
107	168
107	170
108	109
108	155
109	110
109	159
109	156
110	111
110	140
111	112
111	159
111	166
112	113
112	163
112	134
113	114
113	135
113	166
114	115
114	134
114	132
115	116
115	135
115	131
116	117
116	136
116	130
117	118
117	129
117	121
118	119
118	122
118	128
119	120
119	121
120	122
120	144
121	130
122	123
122	127
123	124
123	126
123	128
124	125
124	153
124	143
125	126
125	154
126	127
127	144
128	129
128	143
129	136
129	142
130	131
131	132
131	191
132	133
133	134
133	162
134	161
135	136
135	165
136	137
137	138
137	142
137	165
138	139
138	141
139	140
139	165
140	166
141	142
142	143
146	147
147	152
147	188
148	152
148	188
149	150
149	152
150	151
151	152
153	154
155	156
156	157
157	158
157	159
158	160
158	163
159	163
160	161
160	164
161	162
161	163
162	164
165	166
167	169
168	171
170	171
170	190
171	189
173	174
174	175
175	176
177	178
177	187
177	185
178	179
179	180
180	181
180	182
182	184
182	185
183	184
185	186
189	190
191	192
191	193
191	195
192	194
192	196
192	212
193	194
194	218
195	196
195	198
196	197
196	200
197	198
197	199
197	219
198	211
199	200
199	202
199	204
200	201
200	212
201	202
201	210
201	214
202	203
202	205
203	214
203	206
203	215
204	217
204	205
205	206
205	216
206	207
206	209
207	208
207	216
208	209
208	223
209	215
210	212
210	213
210	220
211	219
211	221
212	218
213	214
215	228
215	229
216	217
217	222
221	222
223	224
223	227
224	225
225	226
226	234
226	235
227	228
229	230
230	231
230	232
232	233
233	234
235	236
