0	1
0	47
1	2
1	6
2	3
2	5
2	47
3	4
3	46
3	50
4	5
4	9
4	45
5	6
5	8
6	7
7	8
7	12
8	9
8	11
9	10
9	44
10	11
10	42
10	174
11	12
11	173
12	13
13	14
13	173
14	15
14	16
15	17
15	245
16	17
16	238
16	173
17	18
17	237
18	19
18	238
18	239
19	20
19	187
19	176
20	21
20	177
20	186
21	22
21	57
21	176
22	23
22	186
22	38
23	24
23	25
23	58
24	182
24	183
24	186
25	26
25	38
25	28
26	27
26	58
26	242
27	28
27	30
27	69
28	29
28	39
29	30
29	40
29	33
30	31
30	70
31	32
31	33
31	34
32	70
32	72
32	37
33	51
33	56
34	35
34	37
34	51
35	36
35	73
36	51
36	55
37	75
37	73
38	39
38	57
39	40
39	41
40	43
40	56
41	42
41	43
41	57
42	44
42	175
43	44
43	48
44	45
45	48
45	50
46	47
46	54
48	49
48	56
49	50
49	52
49	53
50	54
51	52
52	55
52	56
53	54
53	55
57	175
58	59
58	183
59	60
59	62
59	242
60	61
60	67
61	62
61	63
62	64
62	183
63	66
63	64
64	65
64	184
65	66
65	181
67	68
67	242
68	71
68	69
68	76
69	70
69	242
70	71
71	72
72	75
73	74
74	75
76	77
76	83
76	154
77	78
77	79
78	148
78	149
79	80
79	148
79	83
80	81
80	145
80	188
81	82
81	83
81	84
82	153
82	141
82	143
83	153
84	85
84	141
84	145
85	86
85	87
85	138
86	105
86	139
86	167
87	88
87	167
87	145
88	89
88	90
88	169
89	145
89	146
89	188
90	91
90	92
90	146
91	172
91	169
91	95
92	93
92	95
93	94
93	146
94	147
94	151
95	96
96	97
96	172
97	98
97	189
98	99
98	171
98	172
99	100
99	103
99	168
100	101
100	102
100	104
101	106
101	108
101	168
102	105
102	110
102	108
103	104
103	169
103	172
104	105
104	167
105	140
106	107
106	155
107	168
107	170
108	109
108	155
109	110
109	159
109	156
110	111
110	140
111	112
111	159
111	166
112	113
112	163
112	134
113	114
113	135
113	166
114	115
114	134
114	132
115	116
115	135
115	131
116	117
116	136
116	130
117	118
117	129
117	121
118	119
118	122
118	128
119	120
119	121
120	122
120	144
121	130
122	123
122	127
123	124
123	126
123	128
124	125
124	153
124	143
125	126
125	154
126	127
127	144
128	129
128	143
129	136
129	142
130	131
131	132
131	191
132	133
133	134
133	162
134	161
135	136
135	165
136	137
137	138
137	142
137	165
138	139
138	141
139	140
139	165
140	166
141	142
142	143
146	147
147	152
147	188
148	152
148	188
149	150
149	152
150	151
151	152
153	154
155	156
156	157
157	158
157	159
158	160
158	163
159	163
160	161
160	164
161	162
161	163
162	164
165	166
167	169
168	171
170	171
170	190
171	189
173	174
174	175
174	238
175	176
176	238
177	178
177	187
177	185
178	179
178	241
178	243
179	180
179	185
180	181
180	182
181	184
182	184
182	185
183	184
185	186
187	239
187	241
189	190
191	192
191	193
191	195
192	194
192	196
192	212
193	194
193	356
194	218
194	355
195	196
195	198
196	197
196	200
197	198
197	199
197	219
198	211
199	200
199	202
199	204
200	201
200	212
201	202
201	210
201	214
202	203
202	205
203	214
203	206
203	215
204	217
204	205
205	206
205	216
206	207
206	209
207	208
207	216
208	209
208	223
209	215
209	227
210	212
210	213
210	220
211	219
211	221
212	218
213	214
215	228
215	229
216	217
217	222
221	222
223	224
223	227
224	225
224	358
225	226
226	234
226	235
226	358
227	228
227	358
228	357
229	230
230	231
230	232
232	233
232	357
233	234
234	357
234	359
235	236
235	359
237	244
237	239
237	245
239	240
240	241
240	244
243	247
243	318
243	266
244	246
245	246
247	248
247	250
247	261
248	249
248	267
248	318
249	250
249	276
249	321
250	251
250	258
251	252
251	257
252	253
252	255
253	254
254	255
254	284
254	295
255	256
255	321
256	275
257	258
257	265
257	322
258	259
258	261
259	260
259	265
260	263
260	264
260	309
261	262
261	266
262	263
262	317
263	316
264	265
264	308
264	311
265	310
266	317
267	268
267	270
267	276
268	269
268	318
269	270
269	272
270	271
270	273
271	272
271	319
273	274
273	319
274	275
274	277
274	320
275	276
275	321
277	278
278	279
279	280
280	281
280	282
281	286
282	283
282	285
282	286
283	284
283	289
284	285
286	287
286	289
287	288
287	290
289	290
289	291
290	292
290	294
291	295
291	294
292	293
295	296
296	297
297	298
297	323
297	332
298	299
298	324
299	300
299	301
299	325
300	311
300	302
301	302
301	331
301	341
302	303
302	307
303	304
303	341
303	343
304	305
304	307
305	306
305	308
306	309
306	313
307	308
307	311
308	309
309	312
310	311
312	313
312	315
313	314
314	315
315	316
316	317
319	320
322	323
324	325
324	338
324	332
325	326
326	327
326	330
327	328
327	329
329	338
330	331
330	339
332	333
332	334
333	337
333	338
334	335
335	336
336	337
339	340
339	342
341	342
343	344
344	345
345	346
345	347
347	348
347	353
348	349
348	350
350	351
350	354
351	352
352	353
354	355
