501	+	301	326
502	+	301	380
503	+	301	303
504	+	302	303
505	+	303	304
506	+	304	305
507	+	304	375
508	+	304	380
509	+	305	306
510	+	305	355
511	+	306	309
512	+	306	380
513	+	307	308
514	+	307	325
515	+	307	312
516	+	308	311
517	+	308	377
518	+	309	310
519	+	310	350
520	+	311	312
521	+	311	323
522	+	311	329
523	+	312	324
524	+	313	314
525	+	313	322
526	+	314	319
527	+	315	316
528	+	315	322
529	+	316	321
530	+	317	318
531	+	317	324
532	+	319	320
533	+	322	327
534	+	323	330
535	+	324	325
536	+	325	326
537	+	325	380
538	+	326	381
539	+	327	328
540	+	328	331
541	+	329	335
542	+	330	334
543	+	331	332
544	+	331	334
545	+	332	336
546	+	333	334
547	+	333	378
548	+	333	339
549	+	334	335
550	+	335	379
551	+	335	378
552	+	336	337
553	+	336	339
554	+	337	338
555	+	338	339
556	+	340	341
557	+	340	347
558	+	340	378
559	+	341	342
560	+	341	348
561	+	342	347
562	+	343	344
563	+	343	346
564	+	344	345
565	+	345	395
566	+	346	349
567	+	348	378
568	+	348	379
569	+	349	350
570	+	349	395
571	+	351	352
572	+	351	376
573	+	352	382
574	+	353	354
575	+	353	395
576	+	354	355
577	+	356	357
578	+	356	370
579	+	357	358
580	+	358	359
581	+	358	385
582	+	359	360
583	+	359	391
584	+	360	374
585	+	360	390
586	+	360	385
587	+	361	362
588	+	361	363
589	+	362	385
590	+	363	364
591	+	364	365
592	+	365	369
593	+	365	371
594	+	366	367
595	+	366	368
596	+	367	370
597	+	371	398
598	+	371	397
599	+	372	373
600	+	372	375
601	+	372	376
602	+	373	374
603	+	373	386
604	+	374	375
605	+	374	389
606	+	375	387
607	+	376	386
608	+	377	379
609	+	382	396
610	+	383	384
611	+	383	397
612	+	384	386
613	+	387	388
614	+	388	392
615	+	389	392
616	+	390	391
617	+	390	393
618	+	391	394
619	+	392	393
620	+	393	394
621	+	396	399
