0	1
0	3
1	2
1	4
2	3
2	10
2	8
3	13
4	5
4	8
5	6
5	7
6	18
7	15
7	8
7	18
8	9
9	10
9	11
9	15
10	12
10	13
11	12
11	14
11	22
12	19
12	21
13	19
14	15
14	17
14	23
15	16
16	17
16	24
16	18
17	25
19	20
20	21
21	22
22	23
22	74
23	25
24	26
24	43
24	44
26	27
26	38
26	39
27	28
27	44
27	45
28	29
28	39
28	46
29	30
29	40
29	47
30	31
30	32
31	47
32	33
32	40
33	34
33	41
34	35
35	36
35	41
36	37
36	42
37	38
37	39
37	41
38	42
38	43
39	40
40	41
42	93
43	93
44	49
45	46
45	49
46	47
46	48
48	50
48	51
48	66
50	65
50	52
50	69
51	52
51	53
52	54
52	55
53	54
54	56
55	56
55	69
55	58
56	57
57	58
57	73
58	59
58	72
59	60
59	73
60	61
60	72
61	62
61	63
62	71
63	64
63	71
63	72
64	65
64	67
64	69
65	66
65	68
66	70
67	68
67	71
67	82
68	70
69	72
74	75
74	76
74	77
75	95
75	96
76	78
76	99
77	78
77	79
77	95
78	85
78	98
79	80
79	81
79	85
80	87
80	84
80	91
81	82
81	84
81	95
82	83
82	94
83	84
83	90
84	89
85	86
85	87
86	88
86	98
87	88
87	92
88	97
89	90
89	91
91	92
92	97
94	95
94	96
98	99
