358	+	155	376
665	+	333	335
706	+	357	735
709	+	359	796
736	+	383	408
739	+	384	405
804	+	419	422
808	+	421	796
814	+	427	796
995	+	522	539
1145	+	596	633
1244	+	655	657
1266	+	674	795
1269	+	676	700
1270	+	677	795
1271	+	677	679
1272	+	677	683
1274	+	678	798
1279	+	680	885
1281	+	681	798
1282	+	681	866
1283	+	682	865
1284	+	682	848
1288	+	684	795
1289	+	684	868
1290	+	685	845
1291	+	685	868
1292	+	685	885
1294	+	686	867
1295	+	686	869
1298	+	687	729
1300	+	688	867
1301	+	688	871
1304	+	689	708
1314	+	693	710
1315	+	693	886
1344	+	710	732
1352	+	713	728
1360	+	716	738
1361	+	716	799
1366	+	719	740
1367	+	719	817
1379	+	726	825
1380	+	726	828
1381	+	727	739
1382	+	727	827
1383	+	728	735
1384	+	729	869
1387	+	733	734
1390	+	736	797
1392	+	737	797
1393	+	737	820
1394	+	738	821
1396	+	739	822
1398	+	740	748
1401	+	741	817
1407	+	743	751
1410	+	744	771
1414	+	746	770
1415	+	746	771
1418	+	748	822
1419	+	749	826
1420	+	749	875
1427	+	752	754
1429	+	753	800
1430	+	753	817
1432	+	754	801
1434	+	755	814
1435	+	755	816
1437	+	756	818
1447	+	760	775
1448	+	760	764
1454	+	762	781
1456	+	763	768
1457	+	763	781
1464	+	767	770
1466	+	768	782
1468	+	769	876
1469	+	769	788
1470	+	770	875
1472	+	772	818
1478	+	777	894
1480	+	780	783
1481	+	780	888
1484	+	782	788
1486	+	783	790
1492	+	785	879
1493	+	786	877
1494	+	786	837
1496	+	787	876
1497	+	787	877
1500	+	790	888
1502	+	791	893
1505	+	793	894
1506	+	795	869
1507	+	797	819
1508	+	798	890
1509	+	799	800
1510	+	799	817
1511	+	799	821
1512	+	800	801
1513	+	800	802
1514	+	801	813
1515	+	801	814
1516	+	802	803
1517	+	802	813
1518	+	802	821
1519	+	803	804
1520	+	803	812
1521	+	803	820
1522	+	804	805
1523	+	804	811
1524	+	804	813
1525	+	805	806
1526	+	805	808
1527	+	805	810
1528	+	806	807
1529	+	806	814
1530	+	806	813
1531	+	807	808
1532	+	807	815
1533	+	808	809
1534	+	809	810
1535	+	810	811
1536	+	811	812
1537	+	812	819
1538	+	814	815
1539	+	815	816
1540	+	816	818
1541	+	819	820
1542	+	820	821
1543	+	822	823
1544	+	822	827
1545	+	823	824
1546	+	823	826
1547	+	825	871
1548	+	825	874
1549	+	827	828
1550	+	828	829
1551	+	828	874
1552	+	829	830
1553	+	829	873
1554	+	830	831
1555	+	830	833
1556	+	831	832
1557	+	832	833
1558	+	832	883
1559	+	832	881
1560	+	833	834
1561	+	833	843
1562	+	834	835
1563	+	834	881
1564	+	834	842
1565	+	835	836
1566	+	835	878
1567	+	835	841
1568	+	836	837
1569	+	836	839
1570	+	836	840
1571	+	837	838
1572	+	837	878
1573	+	838	839
1574	+	838	884
1575	+	839	852
1576	+	839	850
1577	+	840	841
1578	+	840	849
1579	+	840	850
1580	+	841	842
1581	+	841	847
1582	+	842	843
1583	+	842	846
1584	+	843	844
1585	+	843	880
1586	+	844	845
1587	+	844	846
1588	+	845	880
1589	+	846	847
1590	+	846	848
1591	+	847	849
1592	+	848	885
1593	+	848	864
1594	+	849	853
1595	+	849	863
1596	+	850	851
1597	+	850	853
1598	+	851	852
1599	+	851	856
1600	+	853	854
1601	+	853	856
1602	+	854	855
1603	+	854	862
1604	+	854	863
1605	+	855	856
1606	+	855	857
1607	+	857	858
1608	+	857	862
1609	+	858	859
1610	+	858	861
1611	+	859	860
1612	+	859	862
1613	+	859	889
1614	+	860	861
1615	+	860	891
1616	+	862	892
1617	+	863	864
1618	+	863	892
1619	+	864	865
1620	+	865	866
1621	+	865	892
1622	+	866	889
1623	+	866	890
1624	+	867	868
1625	+	867	870
1626	+	868	872
1627	+	870	871
1628	+	870	872
1629	+	871	887
1630	+	872	873
1631	+	873	874
1632	+	875	876
1633	+	876	882
1634	+	877	878
1635	+	877	882
1636	+	878	881
1637	+	881	882
1638	+	882	883
1639	+	886	887
1640	+	889	891
1641	+	889	892
1642	+	890	891
1643	+	894	895
