14	+	8	650
18	+	11	649
19	+	11	651
20	+	12	649
22	+	13	649
49	+	32	45
50	+	34	35
52	+	35	659
59	+	38	659
71	+	47	725
72	+	47	736
74	+	48	55
75	+	48	51
77	+	49	700
79	+	50	701
80	+	50	83
82	+	51	78
85	+	52	693
87	+	53	692
88	+	53	56
91	+	54	70
94	+	57	665
97	+	58	692
108	+	62	691
112	+	64	669
113	+	64	670
116	+	66	669
117	+	66	68
119	+	67	668
121	+	69	667
122	+	69	668
123	+	70	668
124	+	70	665
125	+	71	672
126	+	71	670
127	+	71	691
130	+	72	692
136	+	75	77
137	+	75	693
144	+	78	693
155	+	82	90
158	+	84	191
159	+	84	701
163	+	86	101
165	+	87	90
167	+	88	691
171	+	90	694
174	+	91	694
176	+	92	691
177	+	92	672
181	+	94	672
182	+	94	677
185	+	95	690
186	+	96	723
187	+	96	695
188	+	97	678
189	+	97	689
200	+	102	190
201	+	102	167
204	+	103	192
218	+	108	184
220	+	109	703
233	+	115	696
236	+	117	696
237	+	117	119
243	+	120	129
244	+	120	164
245	+	120	122
248	+	121	695
250	+	122	738
252	+	123	695
253	+	123	723
255	+	124	737
256	+	124	738
259	+	125	704
260	+	126	717
261	+	126	705
262	+	126	737
264	+	127	738
265	+	127	739
268	+	128	741
269	+	129	131
270	+	129	738
273	+	130	740
287	+	135	198
290	+	136	740
293	+	137	142
297	+	139	743
298	+	139	740
300	+	140	742
315	+	147	158
317	+	148	149
341	+	158	178
348	+	161	696
351	+	163	696
352	+	165	694
354	+	167	196
357	+	168	190
373	+	178	724
377	+	180	188
388	+	188	189
392	+	191	697
393	+	192	698
394	+	193	698
395	+	193	703
400	+	200	724
402	+	201	204
403	+	203	724
550	+	263	367
656	+	315	407
661	+	317	745
662	+	317	747
665	+	318	748
672	+	321	749
781	+	388	395
787	+	395	396
796	+	408	745
806	+	418	750
807	+	419	420
808	+	420	750
1224	+	651	652
1225	+	652	653
1226	+	653	654
1227	+	654	655
1228	+	655	656
1229	+	655	661
1230	+	656	657
1231	+	657	658
1232	+	657	660
1233	+	658	659
1234	+	658	664
1235	+	659	660
1236	+	660	663
1237	+	661	662
1238	+	661	663
1239	+	665	666
1240	+	666	667
1241	+	666	668
1242	+	669	673
1243	+	670	671
1244	+	670	673
1245	+	671	672
1246	+	671	677
1247	+	671	674
1248	+	673	674
1249	+	674	675
1250	+	675	676
1251	+	675	677
1252	+	676	678
1253	+	676	680
1254	+	677	678
1255	+	678	679
1256	+	679	680
1257	+	679	681
1258	+	679	689
1259	+	680	687
1260	+	681	682
1261	+	681	685
1262	+	681	687
1263	+	682	683
1264	+	682	684
1265	+	682	689
1266	+	683	717
1267	+	683	737
1268	+	683	690
1269	+	684	714
1270	+	684	717
1271	+	684	685
1272	+	685	686
1273	+	685	715
1274	+	686	687
1275	+	686	688
1276	+	688	715
1277	+	688	718
1278	+	689	690
1279	+	690	723
1280	+	692	693
1281	+	694	695
1282	+	697	698
1283	+	697	699
1284	+	697	701
1285	+	698	702
1286	+	699	700
1287	+	699	702
1288	+	700	701
1289	+	702	703
1290	+	704	705
1291	+	704	739
1292	+	704	707
1293	+	705	706
1294	+	705	721
1295	+	706	707
1296	+	706	710
1297	+	706	722
1298	+	707	708
1299	+	707	744
1300	+	708	709
1301	+	708	710
1302	+	709	742
1303	+	709	744
1304	+	710	711
1305	+	711	712
1306	+	711	722
1307	+	712	713
1308	+	712	719
1309	+	713	714
1310	+	713	716
1311	+	713	722
1312	+	714	715
1313	+	714	721
1314	+	715	716
1315	+	716	719
1316	+	716	718
1317	+	717	721
1318	+	718	720
1319	+	719	720
1320	+	721	722
1321	+	723	737
1322	+	725	726
1323	+	725	729
1324	+	726	727
1325	+	727	728
1326	+	727	729
1327	+	729	730
1328	+	730	731
1329	+	731	732
1330	+	732	733
1331	+	732	735
1332	+	733	734
1333	+	735	736
1334	+	739	741
1335	+	739	744
1336	+	740	741
1337	+	741	743
1338	+	742	743
1339	+	743	744
1340	+	745	746
1341	+	746	747
1342	+	747	748
1343	+	749	750
