3	+	1	5
10	+	4	757
11	+	5	761
14	+	6	754
16	+	7	12
28	+	13	751
30	+	14	759
31	+	14	752
34	+	15	751
35	+	16	764
36	+	16	755
38	+	17	759
39	+	17	831
41	+	18	782
43	+	19	764
44	+	19	766
46	+	20	782
47	+	20	781
49	+	21	780
50	+	21	24
53	+	22	779
56	+	23	776
57	+	24	832
58	+	24	782
62	+	26	734
63	+	26	33
65	+	27	772
66	+	27	776
76	+	31	42
79	+	32	736
80	+	33	733
82	+	34	772
83	+	34	660
93	+	38	664
94	+	39	773
106	+	46	726
761	+	351	647
997	+	484	853
1072	+	517	533
1088	+	524	532
1239	+	612	630
1250	+	624	626
1255	+	631	635
1257	+	633	636
1268	+	649	752
1269	+	650	756
1270	+	650	751
1271	+	650	754
1273	+	651	752
1275	+	652	753
1277	+	653	774
1279	+	654	662
1283	+	656	663
1292	+	661	775
1293	+	662	774
1294	+	662	830
1295	+	663	772
1296	+	664	773
1382	+	725	735
1386	+	728	777
1387	+	728	778
1389	+	729	778
1391	+	730	735
1393	+	731	833
1396	+	732	771
1398	+	733	736
1399	+	734	771
1400	+	734	779
1412	+	751	755
1413	+	752	753
1414	+	753	759
1415	+	753	774
1416	+	754	758
1417	+	754	757
1418	+	755	756
1419	+	755	763
1420	+	756	758
1421	+	756	762
1422	+	757	760
1423	+	757	761
1424	+	758	786
1425	+	758	760
1426	+	759	783
1427	+	760	787
1428	+	760	819
1429	+	761	787
1430	+	762	763
1431	+	762	784
1432	+	762	786
1433	+	763	764
1434	+	763	820
1435	+	764	765
1436	+	765	766
1437	+	765	820
1438	+	765	825
1439	+	766	767
1440	+	766	781
1441	+	767	768
1442	+	767	828
1443	+	767	825
1444	+	768	769
1445	+	768	781
1446	+	768	821
1447	+	769	770
1448	+	769	780
1449	+	769	822
1450	+	770	771
1451	+	770	779
1452	+	770	829
1453	+	772	775
1454	+	774	783
1455	+	775	830
1456	+	775	776
1457	+	776	832
1458	+	777	897
1459	+	777	898
1460	+	778	841
1461	+	779	780
1462	+	780	781
1463	+	782	831
1464	+	783	830
1465	+	783	831
1466	+	784	785
1467	+	784	809
1468	+	784	820
1469	+	785	786
1470	+	785	818
1471	+	785	792
1472	+	786	819
1473	+	787	788
1474	+	788	789
1475	+	788	819
1476	+	789	790
1477	+	789	818
1478	+	790	791
1479	+	790	869
1480	+	791	792
1481	+	791	798
1482	+	792	793
1483	+	792	809
1484	+	793	794
1485	+	793	796
1486	+	793	798
1487	+	794	795
1488	+	794	809
1489	+	794	810
1490	+	795	807
1491	+	795	808
1492	+	795	826
1493	+	796	797
1494	+	796	799
1495	+	796	810
1496	+	797	800
1497	+	797	802
1498	+	797	803
1499	+	798	799
1500	+	798	869
1501	+	799	800
1502	+	799	870
1503	+	800	801
1504	+	800	868
1505	+	801	802
1506	+	801	866
1507	+	801	867
1508	+	802	860
1509	+	802	804
1510	+	803	804
1511	+	803	810
1512	+	803	806
1513	+	804	805
1514	+	804	813
1515	+	805	806
1516	+	805	811
1517	+	805	814
1518	+	806	807
1519	+	806	817
1520	+	807	827
1521	+	807	810
1522	+	808	809
1523	+	808	820
1524	+	808	825
1525	+	811	812
1526	+	811	815
1527	+	811	817
1528	+	812	814
1529	+	812	816
1530	+	812	852
1531	+	813	814
1532	+	813	858
1533	+	813	860
1534	+	814	855
1535	+	815	816
1536	+	815	872
1537	+	815	878
1538	+	816	848
1539	+	816	849
1540	+	817	872
1541	+	817	827
1542	+	818	819
1543	+	821	822
1544	+	821	823
1545	+	821	828
1546	+	822	829
1547	+	822	877
1548	+	823	824
1549	+	823	877
1550	+	823	873
1551	+	824	878
1552	+	824	876
1553	+	824	872
1554	+	825	826
1555	+	826	827
1556	+	826	828
1557	+	827	873
1558	+	828	873
1559	+	829	833
1560	+	829	834
1561	+	830	832
1562	+	831	832
1563	+	833	835
1564	+	834	835
1565	+	834	843
1566	+	834	877
1567	+	835	836
1568	+	835	842
1569	+	836	837
1570	+	836	841
1571	+	837	838
1572	+	837	842
1573	+	837	840
1574	+	838	839
1575	+	838	879
1576	+	838	883
1577	+	839	840
1578	+	839	884
1579	+	840	841
1580	+	842	843
1581	+	843	844
1582	+	843	876
1583	+	844	845
1584	+	844	846
1585	+	844	879
1586	+	845	847
1587	+	845	876
1588	+	845	878
1589	+	846	847
1590	+	846	880
1591	+	846	881
1592	+	847	848
1593	+	847	874
1594	+	848	851
1595	+	848	878
1596	+	849	850
1597	+	849	851
1598	+	849	852
1599	+	850	853
1600	+	850	871
1601	+	851	871
1602	+	851	874
1603	+	852	853
1604	+	852	855
1605	+	853	854
1606	+	854	855
1607	+	854	856
1608	+	855	858
1609	+	856	857
1610	+	856	858
1611	+	857	862
1612	+	857	859
1613	+	858	859
1614	+	859	860
1615	+	859	861
1616	+	860	866
1617	+	861	862
1618	+	861	864
1619	+	861	866
1620	+	862	863
1621	+	863	864
1622	+	864	865
1623	+	865	866
1624	+	865	867
1625	+	867	868
1626	+	868	870
1627	+	869	870
1628	+	871	875
1629	+	872	873
1630	+	874	875
1631	+	874	881
1632	+	875	882
1633	+	876	877
1634	+	879	880
1635	+	880	883
1636	+	880	894
1637	+	881	882
1638	+	881	894
1639	+	882	893
1640	+	883	884
1641	+	883	895
1642	+	884	885
1643	+	884	896
1644	+	885	886
1645	+	885	888
1646	+	886	887
1647	+	886	896
1648	+	886	890
1649	+	887	888
1650	+	887	889
1651	+	888	897
1652	+	889	890
1653	+	890	891
1654	+	891	892
1655	+	891	896
1656	+	892	893
1657	+	892	895
1658	+	893	894
1659	+	894	895
1660	+	895	896
