0	20
0	1
20	40
20	21
40	41
40	60
41	42
41	61
41	21
42	22
42	43
42	62
22	2
22	23
22	21
2	1
2	3
1	21
43	63
43	23
43	44
63	83
63	62
63	64
83	103
83	84
83	82
103	123
103	102
103	104
123	124
123	143
123	122
124	144
124	125
124	104
144	143
144	145
144	164
143	142
143	163
142	162
142	141
142	122
162	161
162	182
162	163
161	160
161	141
161	181
160	180
160	140
180	181
181	182
182	183
183	184
183	163
183	203
141	140
141	121
122	102
122	121
102	82
102	101
125	145
125	105
125	126
145	146
145	165
146	126
146	147
146	166
126	127
126	106
127	128
127	107
127	147
147	148
147	167
148	168
148	128
148	149
168	169
168	188
168	167
169	189
169	149
189	188
188	187
167	187
167	166
187	186
186	185
186	166
149	129
185	184
185	165
184	164
140	120
164	165
164	163
165	166
128	129
128	108
129	130
129	109
130	110
130	131
130	150
110	111
110	90
111	112
111	131
111	91
112	92
112	113
112	132
92	93
92	72
92	91
113	114
113	133
113	93
114	115
114	134
114	94
115	95
115	135
115	116
95	96
95	94
95	75
96	116
96	76
96	97
135	155
135	134
135	136
155	175
155	156
155	154
175	195
175	176
175	174
195	194
195	196
194	193
194	174
194	214
193	192
193	173
192	172
192	191
174	154
174	173
154	134
154	153
134	133
94	74
94	93
74	54
74	75
74	73
54	53
54	34
54	55
116	136
116	117
136	156
136	137
156	176
156	157
176	177
176	196
153	133
153	173
153	152
133	132
132	131
132	152
131	151
109	89
109	108
89	69
89	88
69	49
69	68
49	48
49	29
68	88
68	48
68	67
108	88
108	107
88	87
107	87
107	106
87	86
87	67
106	86
106	105
86	85
86	66
85	84
85	65
85	105
84	104
84	64
82	62
82	81
62	61
23	3
23	24
3	4
4	5
4	24
5	25
5	6
24	44
24	25
44	64
44	45
25	45
25	26
45	46
45	65
46	66
46	47
46	26
66	67
66	65
67	47
65	64
105	104
48	47
48	28
47	27
26	6
26	27
6	7
27	7
27	28
81	61
81	80
81	101
61	60
60	80
80	100
100	101
100	120
101	121
121	120
29	9
29	28
9	8
7	8
8	28
203	202
203	223
203	204
202	201
202	222
223	243
223	224
223	222
243	242
243	263
243	244
242	262
242	241
242	222
262	263
262	282
262	261
263	283
263	264
283	303
283	282
283	284
303	302
303	323
303	304
282	302
282	281
264	265
264	244
264	284
265	285
265	266
265	245
285	284
285	286
285	305
284	304
302	301
302	322
281	280
281	261
281	301
280	300
280	260
261	241
261	260
241	221
241	240
221	201
221	222
221	220
201	200
266	286
266	246
266	267
286	306
286	287
244	245
244	224
224	204
224	225
204	205
205	225
205	206
225	245
225	226
245	246
260	240
301	321
301	300
306	305
306	326
306	307
305	325
305	304
325	326
325	345
325	324
326	346
326	327
345	346
345	365
345	344
346	366
346	347
366	367
366	365
366	386
367	387
367	368
367	347
387	386
387	388
386	385
385	384
385	365
384	383
384	364
383	363
383	382
364	363
364	344
364	365
363	362
363	343
368	348
368	388
368	369
348	347
348	349
348	328
388	389
389	369
369	349
327	347
327	328
327	307
287	267
287	307
287	288
267	268
267	247
268	269
268	288
268	248
269	249
269	289
249	229
249	248
229	228
229	209
228	227
228	248
228	208
227	207
227	226
227	247
207	208
207	206
208	209
248	247
206	226
226	246
247	246
307	308
304	324
324	323
324	344
323	343
323	322
344	343
343	342
328	329
328	308
329	349
329	309
288	308
288	289
308	309
309	289
309	310
300	320
320	321
320	340
321	322
321	341
200	220
220	240
342	322
342	341
342	362
341	361
341	340
361	381
361	362
361	360
340	360
360	380
380	381
381	382
362	382
151	152
151	171
151	150
152	172
93	73
75	76
75	55
76	56
76	77
56	55
56	36
56	57
55	35
36	35
36	16
36	37
35	15
35	34
15	16
15	14
16	17
17	37
17	18
37	57
37	38
57	77
57	58
77	97
77	78
58	38
58	59
58	78
97	98
97	117
14	34
14	13
18	19
18	38
19	39
38	39
137	157
137	117
137	138
98	78
98	118
98	99
78	79
79	59
79	99
39	59
157	158
157	177
158	178
158	159
158	138
178	177
178	198
178	179
177	197
198	199
198	197
199	179
179	159
159	139
197	196
173	172
172	171
171	191
171	170
191	190
190	170
170	150
90	91
90	70
91	71
71	70
71	51
71	72
70	50
50	51
50	30
51	52
51	31
72	73
72	52
73	53
52	53
52	32
53	33
214	213
214	234
214	215
213	233
213	212
233	253
233	232
233	234
212	232
212	211
232	252
232	231
252	251
252	272
252	253
251	250
251	231
251	271
250	270
250	230
270	290
270	271
290	310
290	291
310	311
310	330
311	312
311	291
311	331
312	332
312	313
312	292
332	331
332	352
332	333
331	351
331	330
351	371
351	350
351	352
371	370
371	372
371	391
370	350
370	390
350	330
352	372
352	353
372	392
372	373
392	391
392	393
391	390
373	393
373	374
373	353
393	394
374	375
374	394
374	354
375	376
375	355
375	395
376	377
376	396
376	356
377	397
377	378
377	357
397	398
397	396
398	399
398	378
399	379
117	118
118	119
118	138
34	33
13	12
13	33
12	11
12	32
11	31
11	10
31	32
31	30
32	33
30	10
99	119
119	139
139	138
234	235
234	254
215	235
215	216
235	255
235	236
255	254
255	275
255	256
236	216
236	237
236	256
254	253
254	274
253	273
274	273
274	294
274	275
273	272
273	293
272	271
272	292
293	313
293	294
293	292
313	333
313	314
292	291
291	271
231	211
231	230
211	210
210	230
294	314
294	295
314	315
314	334
315	295
315	335
315	316
333	334
333	353
295	275
295	296
334	335
334	354
335	355
335	336
353	354
275	276
216	217
354	355
355	356
316	317
316	336
316	296
317	297
317	337
317	318
297	277
297	296
297	298
277	276
277	278
277	257
276	256
276	296
337	336
337	357
337	338
336	356
298	299
298	278
298	318
299	279
299	319
278	279
278	258
279	259
258	257
258	259
258	238
257	256
257	237
217	237
217	218
237	238
238	218
238	239
218	219
318	338
318	319
259	239
239	219
356	357
338	339
338	358
339	319
339	359
358	359
358	357
358	378
359	379
378	379
395	396
395	394
