0	1
0	15
1	2
2	3
2	4
2	15
3	42
3	16
4	5
4	43
4	71
6	7
6	71
7	8
8	44
9	10
9	11
10	13
11	12
12	14
13	14
13	44
13	45
14	46
15	16
16	17
17	18
17	42
18	19
18	182
19	20
19	42
19	37
20	21
20	24
20	41
21	22
21	23
21	39
22	38
22	60
22	59
23	24
23	55
23	59
24	25
24	37
25	26
25	55
26	27
26	181
27	28
27	34
27	36
28	29
28	33
29	30
29	31
30	33
31	32
31	181
32	89
32	180
33	34
34	35
35	36
35	182
36	37
37	182
38	39
38	45
38	44
39	40
39	41
40	43
40	44
40	71
41	42
41	43
45	46
45	60
46	47
46	70
47	48
47	50
47	66
48	49
48	54
48	67
49	52
50	51
51	72
52	184
53	54
53	185
54	73
55	56
55	87
56	57
56	59
56	86
57	58
57	61
57	62
58	59
58	60
58	69
60	70
61	63
61	69
61	183
62	85
62	86
62	183
63	64
63	65
63	189
64	68
64	75
64	187
65	66
65	69
66	67
66	70
67	68
67	73
68	74
69	70
73	74
74	75
75	76
76	77
77	78
78	79
79	80
79	188
80	81
80	83
81	82
81	188
81	189
82	83
82	85
82	183
83	84
84	85
84	89
85	88
86	87
86	88
87	180
88	89
89	90
90	91
90	93
90	100
91	92
91	190
92	93
92	99
92	113
93	94
93	130
94	95
94	100
94	104
95	96
95	101
95	130
96	97
96	102
96	106
97	98
97	107
97	130
98	99
98	112
98	115
99	114
99	130
100	105
101	102
101	104
101	176
102	103
102	128
103	129
103	176
103	178
104	105
104	175
105	198
106	107
106	111
106	128
107	108
107	112
108	109
108	111
108	117
109	110
109	136
109	149
110	111
110	133
110	135
111	131
112	116
112	117
113	114
113	192
113	190
114	115
114	174
115	116
115	127
116	118
116	155
117	118
117	149
118	119
118	154
119	120
119	152
119	155
120	121
120	157
120	164
121	122
121	123
121	155
122	124
122	199
122	164
123	124
123	126
123	127
124	125
125	126
125	194
126	193
126	174
127	155
127	174
128	129
128	131
129	132
131	132
131	133
132	134
132	166
133	134
133	137
134	138
134	170
135	136
135	137
135	139
136	148
136	140
137	138
137	167
138	171
138	169
139	140
139	141
139	167
140	147
140	142
141	142
141	156
142	143
143	144
143	147
144	145
144	146
145	158
145	159
146	147
146	150
146	158
147	148
148	149
148	150
149	154
150	151
150	154
151	152
151	153
151	158
152	154
152	157
153	162
153	157
153	165
156	167
156	168
157	163
158	162
159	160
159	162
160	161
161	162
161	165
163	164
163	165
166	170
166	300
167	169
168	169
168	173
169	172
170	171
171	172
172	173
174	192
175	176
175	179
175	198
176	177
177	178
177	179
178	300
179	197
180	181
184	186
185	186
187	188
190	191
191	192
191	196
192	193
193	194
193	196
194	195
195	196
199	200
199	239
199	275
200	201
200	204
200	241
201	202
201	205
201	275
202	203
202	204
202	217
203	214
203	211
204	233
204	235
205	206
205	208
206	207
206	275
207	208
207	274
208	209
208	211
209	210
210	211
211	212
212	213
212	214
212	273
213	215
213	271
214	215
214	217
215	216
215	249
216	217
216	218
216	232
217	233
218	219
218	220
218	233
219	221
219	222
219	234
220	221
220	232
220	270
221	223
221	224
222	247
222	245
222	223
223	230
223	231
224	225
224	270
224	230
225	226
225	229
225	255
226	227
226	228
226	256
227	259
228	229
228	295
228	296
229	230
229	292
230	277
231	247
231	277
231	291
232	269
232	249
233	234
234	235
234	245
235	236
235	241
236	237
236	244
236	245
237	238
237	241
237	242
238	239
238	240
239	241
240	242
240	282
242	243
242	244
243	282
243	248
243	284
244	248
244	246
245	246
246	247
246	279
247	278
248	279
248	281
249	250
249	268
250	251
250	267
250	269
251	252
251	254
252	253
253	263
254	255
254	257
254	269
255	256
255	270
256	257
257	258
257	261
258	259
258	260
260	265
261	262
262	263
264	265
266	267
268	276
269	270
271	272
271	273
272	301
277	289
277	292
278	279
278	291
278	285
279	280
280	281
280	285
281	284
282	283
283	284
285	286
286	287
286	291
287	288
287	289
288	290
288	293
289	290
289	291
290	292
290	299
292	295
293	294
293	299
295	299
295	297
296	297
297	298
298	299
