2876	2877	
2922	2923	3066	
3002	3003	
748	749	908	1050	2475	2629	
3074	3075	3079	3255	
3094	3095	
3370	3371	3433	3475	3504	3510	3517	
3525	3526	
1744	1745	
2598	2599	3758	3759	3835	
3544	3545	3546	
3572	3573	3740	3741	
3671	3672	
3706	3707	3829	
3748	3749	
3763	3764	3930	
3954	3955	3956	
3994	3995	
4034	4035	
1853	1854	
1883	1884	
1901	1902	
170	171	325	338	185	186	253	272	356	360	397	213	445	444	454	455	467	468	482	487	488	497	510	512	516	524	525	526	533	534	535	555	560	566	574	586	593	1250	953	670	836	824	720	857	1138	1188	1274	1287	975	659	981	1136	862	1043	1067	954	1356	1385	1411	1409	1486	1647	1414	1481	1634	1374	1403	1417	1419	1422	1436	1466	1472	1483	1508	1524	1541	1558	1583	1605	1612	1616	1629	1642	1659	1660	1661	1663	1671	1390	1601	1393	1394	1613	1676	1577	1580	1668	1482	1502	1507	1552	1565	1623	1477	1478	1549	1575	1587	1610	1670	1675	1920	1686	1795	1949	2005	1908	2166	2173	1834	1838	1861	1923	1727	2002	2038	2085	2229	1713	1813	2222	2153	1909	2271	2357	2262	2270	2286	2309	2342	2344	2589	2582	2525	2616	2389	2402	2407	2485	2603	2659	2397	2571	2575	2584	2590	2408	2631	2662	2456	2457	2699	2698	2736	2855	2759	2760	2775	2926	2983	3044	2737	2795	2746	2747	2870	2881	2886	2895	2910	2924	2927	2928	2929	2976	2786	2854	2911	2914	2915	3016	3041	3065	2773	2850	2868	2882	2970	2963	3301	3250	3087	3143	3205	3257	3258	3104	3187	3147	3359	3407	3453	4019	3589	3727	3808	3904	3614	3583	3657	3868	3882	3938	4040	3901	3590	4020	3616	3791	4249	4252	4289	4313	4383	4391	4152	4199	4052	4345	4404	4408	4204	4299	4412	4488	4543	4552	4534	4980	5074	4776	5212	4968	5019	4819	4865	4963	4777	4810	4811	5060	5222	5245	5101	5227	5575	5547	5511	5273	5331	6035	6047	5692	6095	5531	5447	5492	6558	6309	6351	6546	5889	5990	6327	5989	6162	5946	6554	5728	5803	6495	6034	6150	6443	5609	6322	6149	5745	5819	6050	5558	5576	5621	5695	5924	6073	6081	6116	6234	6268	6269	6391	6392	6510	6194	5512	5887	5905	6121	6490	
4661	4662	
4698	4699	
4709	4710	
4718	4719	5937	6373	
8	9	33	40	81	49	50	100	101	64	83	99	119	131	132	134	136	137	141	145	295	410	459	515	556	557	561	564	575	638	778	639	716	755	803	830	884	955	1014	1023	1076	1100	1133	1142	1198	1216	1228	818	1270	1271	1324	1325	1326	1327	1332	1334	1407	1595	1459	1501	1429	1337	1367	1447	1943	1969	2128	1825	1741	2149	1738	1876	1895	1762	1763	2144	1826	1900	2100	2238	2246	2256	2263	2287	2307	2316	2333	2350	2652	2495	2496	2507	2535	2559	2651	2656	2671	2653	2700	2952	2954	3031	2701	2745	2839	2925	2977	2990	2996	3024	2781	2782	3242	3243	3268	3330	3401	3494	3431	3534	3600	3638	4044	3601	3729	3770	3804	3805	3884	3752	4290	4291	4070	4085	4159	4261	4263	4264	4281	4370	4379	4065	4066	4229	4321	4406	4419	4541	4489	4459	4496	4658	4469	4478	4498	4591	4641	4665	4704	4917	5099	5165	4799	5083	5122	4845	5120	4778	4779	4788	5427	5475	6242	6245	6251	6400	6401	5761	6021	5570	5669	6151	6354	6367	5402	5950	5778	5779	5795	5929	6201	6271	6525	5458	5968	5670	6192	6342	5794	6413	6249	6519	6414	
36	5	10	11	23	24	58	59	98	161	166	280	279	579	1020	1048	1049	1075	623	624	685	834	1118	743	1062	692	752	845	996	850	811	812	832	837	976	1088	1148	1153	1032	1033	1141	1621	1357	1537	1386	1520	1673	1494	1453	1550	1412	1551	1561	1449	1450	1568	1995	1868	1882	1860	1918	2035	1832	1839	1936	1972	2143	2213	2220	2034	2175	1756	2061	2146	1704	1705	2109	2203	1750	1931	2092	2178	1753	2160	2167	2067	2068	2126	2127	2188	2189	2267	2354	2351	2259	2548	2502	2413	2363	2371	2451	2576	2563	2636	2522	2568	2480	2481	2483	2494	2501	2536	2562	2649	2650	2524	2605	2611	2410	2513	2581	2626	2640	2566	2567	2670	2709	2967	2986	2959	2905	2719	2758	2964	2702	3022	2711	2793	2859	2897	2898	2912	2931	2932	2933	2934	3008	3009	2774	2853	2840	3013	2770	2825	2697	2726	2731	2735	2744	2748	2750	2763	2772	2779	2817	2818	2819	2835	2836	2841	2851	2852	2856	2883	2887	2945	2955	2956	2958	2968	2969	2975	2984	3006	3036	3042	3055	3056	2830	2831	3020	3030	2858	3119	3149	3174	3105	3188	3203	3206	3127	3152	3218	3158	3274	3097	3128	3248	3277	3122	3130	3086	3098	3101	3108	3121	3137	3138	3198	3201	3222	3225	3228	3262	3304	3116	3151	3189	3192	3195	3197	3217	3219	3240	3241	3271	3294	3296	3303	3091	3092	3136	3162	3171	3283	3285	3308	3142	3156	3159	3199	3263	3265	3269	3280	3282	3299	3302	3309	3367	3398	3515	3393	3314	3315	3336	3345	3350	3353	3355	3357	3358	3360	3363	3368	3387	3391	3394	3409	3426	3444	3445	3455	3456	3457	3490	3493	3354	3438	3508	3482	3331	3450	3327	3328	3332	3335	3461	3522	3523	3313	3399	3454	3470	3322	3346	3404	3408	3420	3423	3442	3464	3487	3329	3415	3446	3532	3533	3356	3321	3324	3325	3402	3403	3406	3410	3414	3376	3384	3385	3463	3483	3486	3491	3498	3514	3521	3527	3382	3462	3465	3480	3537	3317	3340	3495	3615	3553	3635	3684	3841	3610	3678	3838	3542	3557	3651	3731	3575	3629	3825	3870	3940	3579	3743	3784	3547	3620	3628	3640	3669	3680	3793	3824	3906	3911	3944	3568	3580	3621	3636	3691	3742	3798	4018	3550	3556	3559	3561	3725	3869	3873	3893	3592	3611	3765	3879	3928	3548	3563	3718	3769	3813	3816	3817	3826	3828	3834	3847	3848	3941	3990	4042	4045	3687	3632	3639	3734	3883	3896	3897	3921	4011	3778	3789	3814	3747	3618	3619	3624	3774	4147	4091	4060	4115	4113	4151	4176	4193	4279	4332	4062	4101	4106	4145	4162	4183	4186	4219	4237	4239	4245	4255	4310	4328	4330	4355	4432	4173	4056	4170	4210	4292	4296	4363	4251	4301	4362	4295	4312	4344	4107	4171	4184	4100	4114	4348	4168	4240	4262	4275	4304	4440	4182	4311	4431	4449	4619	4683	4556	4470	4671	4548	4587	4539	4555	4727	4474	4558	4668	4717	4611	4524	4703	4509	4684	4516	4525	4593	4736	5011	4947	4874	5173	5138	4742	4758	4881	5015	5056	4969	5156	4825	4904	5057	5153	5216	4771	4787	4879	4883	4964	5017	5048	5076	4823	4737	4760	4767	4852	4966	5043	5077	5108	4755	5291	5342	5329	5783	6499	6513	5269	5399	5768	5305	6062	5288	5355	5823	5271	5267	5951	5952	6090	6130	6253	6283	5279	5258	5774	6109	6368	5437	6536	5459	5628	6340	5272	5344	5535	6452	6353	5863	5948	6508	5485	6000	6177	6277	6398	6425	5444	5647	5481	5986	5340	5293	5897	6066	5835	6160	5813	6032	6300	6374	5403	5473	5564	5573	5582	5585	5912	5954	5956	6010	6388	6338	6328	5754	6469	5298	6394	6166	6482	6118	5583	5593	5822	5853	5957	5966	5998	6026	6265	6324	6514	5330	5901	5909	6228	6307	6500	5862	5904	6131	6261	6339	
12	13	44	102	151	250	305	353	420	425	426	156	157	173	200	205	339	348	367	370	238	271	318	390	411	172	194	327	328	219	220	228	239	254	369	371	421	255	256	321	400	363	412	438	464	475	481	492	496	506	514	592	439	440	441	442	447	448	451	458	462	469	470	476	491	501	507	517	518	519	523	538	539	540	541	543	544	549	552	553	559	568	569	571	572	573	577	580	581	584	585	587	590	597	598	479	480	485	589	828	1210	1144	650	1284	1239	739	757	878	886	893	1177	1213	682	950	956	984	1084	1168	1254	631	640	719	744	792	793	875	1024	1029	1096	1122	1189	1204	1225	1161	1101	707	708	1077	1139	999	1097	1656	1456	1448	1536	1547	1556	1557	1576	1615	1484	1444	1516	1672	1653	1567	1728	1698	1973	2016	1721	1729	1748	1822	1844	2015	1948	1782	2217	2036	1801	2196	1707	1981	2082	2179	2208	2215	2224	2168	2192	2044	1799	2122	2130	2147	2148	1933	1820	1830	2312	2234	2292	2300	2308	2346	2349	2249	2274	2395	2604	2484	2606	2429	2583	2539	2675	2423	2442	2445	2514	2557	2587	2597	2608	2676	2680	3007	2730	2732	2764	2776	2790	2791	2792	2797	2866	2949	2993	3000	3050	2757	2802	2803	2821	2865	2991	3012	3058	2857	2703	2722	2724	2816	2880	2904	2907	2908	2944	2946	2979	3025	3028	3061	3069	2777	2733	2741	2753	2755	2771	2800	2875	2885	2892	2939	2940	2941	2957	3005	3026	3032	3054	3059	3060	2705	2710	3178	3111	3161	3207	3236	3181	3140	3237	3106	3146	3220	3428	3448	3481	3503	3539	3312	3381	3383	3395	3397	3413	3416	3417	3418	3419	3425	3458	3474	3497	3509	3512	3538	3476	3648	4038	3860	3569	3570	3626	3641	3642	3643	3647	3649	3686	3772	3782	3796	3820	3867	3891	3894	3895	3916	3917	3919	3926	3927	3933	3957	3963	4006	3562	3668	3681	3899	4014	3855	3913	3599	3634	4023	3936	3907	3720	3697	3735	3737	4004	4030	3760	4095	4046	4048	4053	4054	4096	4099	4102	4103	4108	4111	4116	4117	4119	4121	4122	4125	4127	4128	4129	4131	4133	4136	4149	4150	4163	4181	4191	4195	4196	4197	4206	4213	4214	4217	4227	4228	4230	4233	4234	4243	4257	4270	4274	4283	4288	4306	4309	4322	4323	4324	4325	4326	4333	4334	4338	4339	4340	4354	4377	4378	4381	4385	4386	4396	4400	4401	4409	4410	4413	4414	4422	4423	4426	4427	4428	4429	4433	4434	4047	4148	4346	4075	4244	4265	4266	4268	4271	4371	4248	4302	4342	4465	4471	4477	4529	4592	4598	4612	4613	4627	4629	4650	4651	4652	4656	4708	4475	4505	4713	4729	4503	4554	4476	4492	4738	4973	5170	4807	4821	4965	5146	4753	4958	5162	4765	4970	4834	4867	5239	4861	4942	4743	4761	4782	4853	4855	4857	4877	4878	4880	4892	4893	4903	4905	4938	4939	4940	4944	4948	4950	4951	4952	4955	4956	4957	4960	4967	4983	4997	4998	5003	5005	5018	5023	5068	5072	5073	5080	5091	5123	5134	5141	5145	5149	5187	5195	5196	5197	5198	5204	5205	5207	5208	5209	5210	5215	5217	5221	5248	5250	5009	4744	4889	4975	4887	5095	4766	4826	4836	4843	5052	5086	5422	6203	5400	5388	5539	5263	5401	5412	5433	5462	5493	5629	5658	5709	5760	5806	5884	6008	6009	6084	6125	6161	6341	5586	6335	5930	5942	5842	6289	6407	6186	6023	5456	5546	5611	5840	5612	5928	6370	6416	6080	5631	5886	5753	5868	6142	6202	6564	5895	6237	5626	5451	5814	5871	5334	6155	5746	5850	5883	5544	5560	5808	5815	5817	5837	5851	5852	6019	6164	6167	6189	6305	5710	6293	6317	6331	6397	6433	5744	5565	5277	5406	6497	6185	6210	6239	6329	
14	15	16	20	21	22	26	27	28	29	30	38	41	42	43	158	164	203	214	230	236	237	246	247	269	270	276	277	278	281	288	303	308	324	335	341	347	351	357	362	365	366	376	377	386	389	395	408	409	422	434	435	267	399	268	477	500	578	478	490	498	558	605	606	617	1135	1152	756	826	1151	1298	1313	1383	1431	1531	1588	1469	1470	1398	1399	1724	2303	2241	2242	2409	2377	2564	2385	2444	2482	2508	2509	2520	2623	2628	2639	2422	2403	2404	2534	2683	2546	2672	2677	2692	2693	2734	2838	2849	2896	2717	2718	2815	2894	2847	2848	2878	2899	2994	3033	3049	3238	3270	3272	3295	3439	3348	3310	3326	3344	3349	3447	3492	3518	3524	3441	3311	3388	3501	3505	3520	3467	3597	3646	3831	3660	3905	3845	3846	3929	4097	4059	4092	4187	4189	4203	4211	4212	4250	4286	4353	4132	4142	4461	4493	4696	4723	4730	4813	4747	4953	4984	4985	5041	5059	4837	4746	5010	5038	4801	5172	4802	4757	4822	5051	4838	4972	5020	5075	5164	5064	5351	5348	5525	6049	6191	5906	5491	5677	5687	5690	5970	6427	5847	5610	6483	6336	6244	5634	5524	5513	5514	5430	6545	5435	5548	6195	5949	5448	5318	5607	5759	5360	6496	6553	5506	6349	6129	6371	5352	6043	5364	5366	5505	5816	6045	6172	6470	6152	6297	6358	6520	6537	5431	5902	6243	6422	6015	6447	6468	
112	310	168	355	427	191	192	199	252	286	433	208	209	251	259	309	323	430	437	313	315	436	527	528	550	990	802	1047	993	1193	808	1221	1222	1265	1341	1427	1491	1598	1408	1518	1542	1581	1336	1365	1462	1517	1529	1573	1618	1428	1476	1521	1562	1582	1657	1530	2079	2191	1726	2108	2221	1739	2045	2137	2209	1789	1912	1935	1994	2017	2028	2075	2169	2180	1893	2087	2125	1777	1891	1954	2140	1699	1769	1711	1740	1773	1862	1879	1889	1899	1942	2043	2057	2102	2118	2120	2138	2139	1812	2104	1836	1837	1894	2031	2009	2010	2048	2295	2306	2243	2337	2288	2466	2613	2420	2516	2555	2591	2594	2612	2654	2688	2452	2596	2607	2431	2453	2460	2552	2553	2574	2609	2491	2492	2906	2824	2796	2918	3023	3047	2860	2713	2809	2811	2916	2937	3071	2920	3053	2822	2823	3070	2742	2953	3034	3227	3102	3166	3211	3290	3081	3223	3306	3333	3380	3434	3502	3341	3400	3488	3484	3334	3366	3427	3472	3392	3362	3421	3451	3459	3460	3530	3540	3864	3543	3932	3608	3591	3670	3771	3596	3656	3658	3753	3785	3786	3898	4000	4029	3939	3652	3662	3664	3935	3976	3993	3541	3576	3582	3603	3604	3609	3644	3661	3663	3673	3689	3698	3699	3700	3715	3717	3721	3722	3732	3733	3739	3744	3745	3746	3750	3751	3754	3755	3756	3757	3776	3781	3795	3802	3803	3807	3810	3811	3812	3821	3822	3840	3842	3852	3853	3857	3858	3859	3862	3863	3874	3875	3876	3878	3885	3886	3887	3912	3915	3920	3924	3925	3934	3951	3959	3960	3961	3962	3966	3967	3968	3969	3970	3973	3974	3975	3977	3978	3979	3982	3983	3985	3986	3987	3997	3998	3999	4001	4002	4003	4013	4015	4022	4024	4026	4027	4028	4032	4036	4041	3637	3965	3723	3922	3943	3946	3880	3881	3950	3952	3971	3964	4067	4392	4276	4194	4074	4158	4164	4174	4180	4208	4209	4259	4260	4267	4277	4278	4297	4307	4315	4347	4351	4397	4402	4418	4420	4055	4076	4220	4222	4225	4256	4273	4298	4305	4374	4169	4073	4365	4104	4284	4368	4369	4387	4398	4403	4405	4407	4417	4444	4446	4088	4360	4253	4105	4280	4443	4527	4672	4670	4507	4472	4579	4644	4721	4511	4473	4573	4856	4741	4794	4808	4876	4882	4891	4929	5008	5047	5102	5192	5247	4921	4769	4756	4909	4962	5081	5228	4864	5050	5055	5147	4793	4848	4884	5065	5117	5167	4749	5232	4752	4750	4886	4928	5012	5027	5119	5154	5166	5171	5179	5183	5234	5193	5126	4901	5220	5507	5264	5284	5343	5439	5538	5319	5377	5393	5732	5384	6092	6144	5336	5356	5373	5392	5416	5450	5453	5553	5641	5698	5751	5834	5846	5900	5922	6016	6085	6426	5839	5386	5314	5321	5407	5301	5317	5325	5368	5452	5614	5615	5616	5719	5977	6296	5797	6232	5661	5825	5566	5455	5622	5651	6190	5637	5799	5397	5467	5591	5613	5660	5796	5843	5362	5488	5581	5981	6031	6347	5357	5534	6560	5828	5623	5285	5758	5287	5988	5636	6156	5672	5686	5770	5876	6069	6183	6196	5476	6110	5394	5434	5504	5620	5640	5836	5961	5978	6018	6041	6042	6108	6111	6138	6159	6316	5936	5295	5784	5831	6214	6215	6238	6314	5541	5664	5938	5800	5801	6040	6448	6466	6511	6359	5969	5358	5662	5809	6128	6376	5374	5652	5766	5858	6262	5866	6516	6369	6270	5418	5483	5725	6272	6457	5411	6114	5508	5297	6549	6089	5959	5561	5945	6274	6485	6547	5369	5529	5596	5645	5693	5757	5769	5848	5935	6120	6141	6154	6180	6187	6188	6323	6332	6472	6473	5385	5638	5824	5729	6267	5405	5908	6409	6534	6561	6030	5281	5282	5294	5408	5559	5697	5867	5869	6179	6555	5315	5999	6486	5580	5536	6424	6380	5363	6419	6524	5859	6039	5579	6145	5494	5495	6565	5718	6061	6375	6436	6438	6531	6057	5898	6273	6395	6471	5785	6319	6538	6036	6298	6266	6184	6512	6539	
45	46	57	69	77	79	90	91	95	105	106	107	113	117	118	122	125	138	139	140	111	264	302	358	307	387	182	183	248	289	393	405	413	210	211	234	266	359	384	385	602	613	614	615	1186	651	621	662	838	846	849	888	930	1055	1068	1199	1224	1124	766	769	780	892	947	966	1202	1272	1111	652	804	868	869	1223	681	764	841	948	1110	1571	1353	1373	1405	1471	1475	1487	1492	1495	1603	1608	1622	1624	1635	1636	1638	1646	1648	1654	1430	1348	1596	1666	1433	1434	1626	1695	1858	2063	1871	1701	1703	1732	1735	1890	1913	1927	1944	1968	1984	1991	2027	2049	2214	2218	1857	1736	1810	1983	2086	2185	2186	1875	2162	1958	1870	2089	1779	1904	2097	2228	1783	1919	1988	2114	2023	1768	1784	1850	1872	1916	1980	2032	2039	2040	2054	2062	2116	2135	2136	2145	2194	2210	2211	1737	1770	1781	1805	1977	2124	1959	1990	2007	2132	2133	2184	2236	2269	2320	2230	2231	2244	2250	2253	2258	2260	2272	2289	2293	2317	2319	2321	2325	2327	2328	2345	2355	2233	2240	2245	2252	2285	2290	2291	2304	2311	2314	2340	2329	2283	2365	2384	2398	2415	2506	2573	2635	2657	2658	2686	2437	2390	2443	2473	2593	2630	2638	2399	2528	2620	2948	2950	2978	3040	2947	2720	2723	2805	2814	2884	2930	2943	2960	2998	3045	3052	2765	2833	2989	2761	2762	2982	3010	2766	2938	3027	2962	3001	3168	3221	3135	3234	3231	3172	3233	3293	3118	3129	3468	3318	3565	3702	3728	3736	3865	3902	3918	3809	3851	3783	3923	3666	3719	3767	4016	4017	4031	4010	3682	3625	3844	3854	3958	3738	3766	4112	4231	4057	4098	4118	4120	4140	4198	4201	4282	4388	4448	4141	4175	4238	4293	4316	4314	4157	4272	4442	4190	4451	4526	4605	4620	4537	4577	4614	4630	4636	4722	4466	4501	4462	4499	4502	4521	4563	4626	4649	4624	4659	4680	4697	4701	4570	4463	4486	4497	4510	4517	4572	4594	4595	4716	4549	4759	4739	4792	4812	4866	4946	4995	5040	5063	5031	4798	4894	4994	4996	5002	5014	5028	5090	5161	4971	4854	5124	4768	4815	4945	4989	4860	5016	5225	5230	5236	6467	5706	5953	5339	5707	5995	5290	6076	6281	6299	5980	6444	6405	5805	6077	6343	5722	6199	5632	5764	5694	6193	5914	6165	6474	5359	5545	5292	6024	6284	5723	5633	6280	6315	6361	6163	6489	5367	5705	6481	5782	5724	6285	
104	261	2370	2966	3703	3704	3877	4814	4847	5140	5994	
108	5371	6208	6229	5370	5985	
2	3	17	34	4	31	32	39	80	65	221	291	159	160	169	179	196	222	223	229	241	242	249	301	317	320	322	331	379	394	396	398	174	175	299	372	378	197	215	260	282	300	330	336	352	424	402	403	388	463	505	529	563	591	457	449	450	473	551	601	565	600	483	484	486	502	513	536	531	532	635	658	695	806	831	885	891	937	952	957	985	986	1089	1108	1277	626	1021	1061	1255	676	753	794	746	669	754	887	898	1044	1045	1175	1257	625	663	791	895	951	987	1104	1085	1181	636	873	874	894	913	1008	1143	1172	910	1156	1200	1242	1258	1184	763	810	1102	1140	1305	677	843	851	795	964	819	827	903	1011	1129	1131	1146	1154	1218	1243	1309	973	1441	1339	1413	1640	1354	1451	1366	1664	1669	1564	1649	1335	1355	1377	1388	1418	1421	1443	1454	1457	1464	1465	1489	1490	1496	1504	1514	1527	1539	1540	1600	1619	1662	1340	1344	1345	1346	1371	1378	1387	1397	1401	1402	1416	1423	1445	1467	1525	1526	1532	1533	1534	1535	1563	1572	1585	1602	1630	1639	1641	1652	1468	1480	1625	1519	1607	1452	1651	1687	1692	1702	1775	1785	1786	1930	1955	1987	2012	2047	2123	2172	1915	1731	1733	1867	1749	2046	2056	2164	1797	1823	1953	1843	2018	1691	1718	1723	1742	1780	1831	1835	1840	1914	1934	1938	1941	1950	1966	1971	1997	2021	2029	2051	2053	2088	2091	2094	2096	2115	2131	2150	2174	2177	2182	2212	2219	2226	1767	1791	1688	1833	2165	1898	2107	2159	1821	1970	1734	1951	2025	2106	2110	2225	2011	2248	2276	2277	2279	2280	2281	2297	2299	2338	2339	2341	2347	2348	2275	2298	2235	2257	2301	2232	2278	2323	2463	2600	2637	2669	2685	2578	2519	2465	2405	2619	2378	2464	2580	2621	2358	2359	2394	2416	2497	2554	2558	2585	2643	2666	2379	2380	2556	2633	2634	2678	2440	2441	2523	2537	2538	2668	2832	2862	3073	2971	2867	2888	2893	3018	3037	3039	3051	2769	2842	3194	3232	3288	3300	3113	3145	3251	3216	3141	3190	3412	3567	3690	3701	3839	4037	3560	3585	3622	3655	3675	3676	3677	3724	3762	3788	3815	3819	3823	3931	3948	4005	4033	3773	3797	3818	3903	3602	3564	3659	3947	3685	3688	3712	3617	3650	3730	3800	3836	3794	3910	4154	4356	4161	4247	4687	4540	4536	4609	4590	4530	4531	4464	4637	4706	4735	4508	4533	4606	4485	4846	5100	5033	4900	4809	4824	4851	4907	4919	4986	5085	5143	5105	4987	4817	4754	5084	5186	5190	4849	5135	5194	4820	5030	5231	4818	5107	4943	5136	5223	5034	5049	5255	5383	5715	5925	5964	6181	6378	6526	6542	5963	5303	6334	6363	6122	6070	5323	5324	5438	5765	5791	5792	5798	6020	6022	6168	6173	6478	6484	6503	6515	5965	5419	6260	5854	5335	5568	6086	6006	5811	5830	5387	5441	5595	6357	5659	6046	5877	5976	6091	5443	6055	5625	5833	5907	5962	6100	6133	6153	6227	6241	6432	6552	5516	5527	5735	5934	5984	6211	6275	6366	6377	6417	6464	6559	6430	6313	5537	5313	5471	5409	5322	5410	6415	5878	6294	6295	6308	6562	6124	6509	
37	70	71	110	135	148	152	114	314	217	218	285	294	373	374	226	227	287	265	414	415	456	511	647	1150	911	1176	1022	694	835	906	1002	1027	1086	1165	1276	715	1226	660	671	672	714	691	829	1115	1275	1227	1369	1594	1511	1599	1590	1584	1424	1425	1437	1677	1364	1665	1370	1442	1485	1503	1543	1548	1643	1645	1678	1722	1790	2066	2072	1760	1752	1855	1852	1697	1708	1710	1712	1754	1757	1761	1792	1817	1851	1856	1859	1881	1897	1945	1952	1982	2003	2037	2058	2080	2083	2095	2099	2183	2202	1829	1751	1774	1788	1880	1888	1992	2008	2022	2103	2154	2157	2171	1694	1929	1957	2142	2216	2065	1759	1956	1989	2105	1998	2064	1696	1802	2093	2197	1716	1896	1906	1928	2055	1811	1878	2041	2050	2101	2195	1885	1886	2193	2227	2237	2264	2296	2239	2356	2251	2330	2273	2305	2315	2435	2527	2560	2368	2388	2487	2488	2521	2545	2421	2447	2532	2570	2588	2592	2565	2439	2690	2664	2478	2627	2540	2541	2542	2706	2708	2768	2789	2992	2909	2739	2961	2714	2738	2783	3029	2808	2917	2794	2798	2846	2951	2985	3004	3017	3019	2820	2828	2725	3014	3015	2829	2900	2901	3082	3164	3173	3267	3088	3132	3153	3170	3179	3182	3196	3202	3208	3230	3249	3254	3264	3276	3289	3291	3292	3210	3120	3316	3338	3377	3379	3386	3440	3323	3337	3513	3396	3507	3478	3489	3452	3364	3365	3473	3593	3949	3578	3830	3992	3981	3605	3953	3594	3595	3606	3623	3627	3708	3792	3837	3843	3900	3996	4008	3832	3833	4025	4043	4242	4331	4390	4236	4130	4329	4071	4200	4241	4058	4094	4221	4258	4436	4724	4631	4528	4639	4691	4705	4695	4990	4872	4850	4875	5092	4974	5104	5176	4934	4796	5251	5087	6410	5378	5592	5274	5275	5440	5486	5899	5446	5737	5742	5773	5911	6025	6067	5289	5477	5350	5311	5361	5865	5306	5445	5933	6330	6412	5474	5653	5498	5666	5478	6027	6437	5594	5944	6252	5503	6087	5528	5543	6384	5682	6390	5790	
6	7	25	35	149	51	52	62	63	73	75	76	85	87	88	92	96	97	115	123	133	143	144	150	153	93	94	147	290	245	296	297	316	319	361	165	304	162	163	176	177	178	198	216	233	298	344	354	383	392	187	193	195	204	235	240	243	244	262	263	273	274	292	311	312	326	337	375	429	293	391	364	406	452	443	446	474	489	495	503	504	509	545	546	547	548	570	595	494	499	453	460	461	508	520	530	537	542	554	567	576	582	583	588	596	521	522	599	608	609	612	616	702	1007	1035	1214	704	703	618	775	915	1149	1285	926	751	916	1155	1262	705	723	760	799	800	825	848	896	959	1082	1093	1114	1173	727	728	729	750	770	805	820	941	962	965	1081	1091	1185	1240	1264	1307	1426	1505	1617	1644	1342	1512	1347	1637	1650	1574	1372	1391	1432	1578	1593	1392	1498	1455	1655	1439	1440	1488	1559	1566	1667	1544	1545	1758	1827	1684	1965	1828	1993	1800	2070	1905	1685	1743	1842	1845	1847	1873	1874	2006	2098	2151	2155	2163	2181	2201	1714	1715	1922	1975	1996	2052	1917	1910	1911	2090	2336	2265	2282	2310	2313	2353	2500	2414	2469	2425	2436	2454	2458	2543	2550	2551	2624	2419	2476	2614	2360	2396	2450	2547	2586	2632	2660	2479	2504	2417	2418	2517	2518	2694	2470	2490	2493	2499	2503	2648	2674	2727	2778	2889	3046	2729	2995	2873	2799	2902	2903	3076	3117	3176	3096	3112	3266	3077	3184	3084	3085	3144	3155	3133	3134	3183	3212	3235	3298	3307	3154	3485	3479	3528	3319	3320	3443	3466	3471	3511	3679	3566	3581	3630	3801	3653	3633	4039	3849	3549	3775	3577	3645	3972	3709	3889	3988	3598	3631	3654	3777	3872	3850	4192	4064	4165	4166	4542	4584	4693	4515	4675	4677	4678	4562	4720	4603	4567	4711	4538	4519	4520	4610	4604	4805	5131	4833	5159	4748	4751	4775	5000	5046	5082	5155	5189	5177	5213	5013	5151	5115	5206	5731	5845	5730	5635	6507	5619	6099	5861	5316	5678	6257	5320	5328	6498	5605	5519	5648	5736	5955	5780	6382	6529	5663	6017	6123	6197	6068	6423	6451	5793	5807	5826	5589	6399	6112	5463	6222	6523	6404	6459	5464	6127	6082	6255	6028	6105	6113	6385	
283	5841	6126	
2715	2716	2788	3761	5587	5588	6504	
3551	3552	3665	3790	3554	3555	3612	3613	3694	3711	3714	3806	3827	3856	3945	3984	4007	4772	4773	4774	4961	5093	6198	5549	5743	6304	6389	
60	61	103	154	167	184	275	332	350	306	380	180	181	188	329	404	342	343	349	423	562	594	619	809	653	1105	726	700	674	620	622	634	661	699	801	807	822	858	859	864	876	877	879	899	900	902	914	918	931	933	934	963	1009	1015	1064	1073	1083	1092	1103	1109	1116	1132	1217	1231	1278	1302	983	1000	630	646	701	730	737	765	823	844	865	871	880	905	1001	1098	1106	1128	1137	1162	1163	1253	942	731	909	961	1183	1233	1252	1241	675	897	912	919	1019	1065	1090	1117	1296	680	790	833	932	789	852	907	923	1039	1059	1079	1263	1282	972	1107	1330	1331	1506	1463	1586	1553	1349	1379	1396	1479	1500	1579	1338	1351	1352	1360	1380	1404	1438	1493	1509	1510	1523	1528	1555	1606	1680	1350	1400	1406	1415	1420	1497	1513	1589	1591	1592	1604	1631	1682	1538	1674	1515	1460	1522	1554	1679	1569	1570	1632	1633	1815	1999	1746	1766	1793	1794	1796	1806	1807	1816	1824	1849	1887	1892	1924	1925	1926	1976	2001	2042	2069	2121	2129	2158	2190	2198	2199	1700	1932	2117	2161	2004	2152	1778	2030	2026	2170	1866	2081	1747	1808	2176	2268	2294	2324	2326	2261	2255	2375	2374	2411	2412	2432	2474	2679	2610	2673	2372	2373	2393	2400	2467	2468	2471	2472	2498	2510	2515	2526	2533	2544	2549	2595	2646	2655	2689	2438	2489	2622	2376	2386	2477	2804	2988	2696	2787	2935	2919	2704	2712	2728	2807	2810	2812	2813	2827	2879	2974	3011	3064	3068	2936	2767	2869	2834	2980	2863	2721	2749	3043	2843	2999	3067	2801	2973	3048	3224	3252	3107	3253	3229	3114	3305	3163	3115	3177	3260	3261	3339	3361	3429	3519	3499	3432	3389	3516	3449	3378	3500	3535	3726	3937	3683	3713	3908	3989	3716	4009	3768	3787	3861	3909	3914	4012	4021	3892	3991	4138	4110	4124	4126	4090	4207	4050	4051	4445	4285	4139	4223	4224	4435	4487	4495	4547	4565	4712	4932	5071	4859	5226	4977	4795	4897	4927	4982	4888	4869	4976	4981	4992	6233	5838	5683	6093	5562	5747	5333	5667	6226	5673	5600	5484	5972	6137	6143	5748	6146	6148	5423	6083	6360	5469	5280	5552	5557	5567	6379	5675	6147	6247	6207	5685	5691	5993	6224	5253	6088	6403	6431	6230	5599	6303	5276	5542	5606	5608	5975	6533	5919	6528	5786	6001	6288	6278	6279	6301	6548	5668	5676	5688	6101	6216	6221	6240	5674	6029	6318	5684	6004	6212	6344	6094	6276	6544	
116	53	54	55	56	66	67	68	72	74	78	82	84	86	89	109	124	126	127	128	142	155	189	190	401	212	428	368	333	334	381	382	472	471	610	611	629	627	641	1006	628	648	798	1012	678	679	684	706	709	725	759	784	786	788	872	946	949	982	988	1018	1095	1145	1160	1174	637	643	644	645	649	654	655	656	657	664	665	666	667	668	673	686	687	688	689	690	698	710	711	712	713	717	718	721	722	724	732	733	734	735	736	738	740	741	742	745	747	758	761	762	767	768	771	772	773	774	776	777	779	781	782	783	785	796	797	813	814	815	816	817	821	842	855	856	860	861	863	866	867	870	881	882	883	889	890	901	904	917	920	921	922	924	925	927	928	935	936	938	939	940	943	944	945	958	960	967	968	969	970	971	974	979	980	989	991	992	994	995	1003	1004	1005	1013	1025	1026	1028	1030	1031	1034	1036	1037	1038	1040	1041	1042	1046	1051	1054	1056	1057	1058	1060	1063	1066	1069	1070	1071	1072	1074	1078	1094	1099	1112	1113	1119	1120	1121	1123	1134	1147	1164	1167	1169	1170	1171	1178	1179	1180	1182	1190	1191	1192	1194	1195	1197	1201	1203	1205	1206	1207	1208	1209	1211	1212	1229	1230	1232	1234	1235	1236	1237	1238	1244	1247	1248	1249	1251	1259	1260	1261	1266	1273	1279	1280	1281	1283	1286	1288	1289	1290	1291	1292	1293	1294	1295	1299	1300	1301	1303	1304	1306	1308	1310	1311	1312	1314	1315	1316	1317	1318	1319	1320	1322	642	978	1187	683	977	1087	1130	1256	1267	1269	1297	1321	1323	693	1196	1215	1080	1157	1361	1343	1375	1376	1384	1597	1620	1658	1410	1446	1435	1461	1358	1359	1499	1362	1395	1458	1627	1628	1681	1611	1809	1961	1683	1819	1846	1921	2204	1869	2141	1804	1903	2111	1706	1877	1693	1709	1717	1719	1720	1725	1730	1755	1776	1803	1814	1818	1841	1848	1863	1864	1865	1937	1939	1940	1960	1974	2000	2024	2033	2071	2076	2112	2113	2119	2134	2200	2206	2207	2187	2223	1962	1967	2084	2266	2322	2430	2455	2577	2682	2681	2391	2579	2459	2369	2424	2505	2645	2387	2426	2486	2691	2364	2617	2392	2406	2667	2687	2618	2601	2602	2784	2890	2921	2942	2972	2981	3021	3038	3062	3063	2754	2743	2837	2864	2806	2987	2997	3035	3057	2913	2756	2707	2861	3103	3080	3078	3089	3090	3093	3099	3100	3123	3124	3125	3126	3148	3150	3160	3165	3185	3186	3191	3193	3200	3213	3214	3215	3239	3247	3259	3273	3275	3281	3284	3286	3287	3157	3278	3109	3209	3083	3180	3226	3279	3297	3131	3167	3110	3256	3390	3506	3372	3422	3352	3347	3351	3477	3369	3373	3405	3430	3529	3536	3436	3437	3667	3866	3980	3674	3586	3942	3607	3710	3584	3571	3574	3587	3588	3890	3799	4084	4430	4093	4109	4061	4063	4072	4083	4087	4089	4146	4153	4160	4179	4188	4215	4216	4218	4232	4235	4294	4303	4308	4317	4319	4320	4327	4335	4336	4337	4352	4357	4358	4359	4361	4364	4366	4367	4372	4373	4384	4389	4394	4395	4399	4411	4421	4438	4439	4447	4450	4343	4144	4079	4202	4300	4167	4172	4254	4416	4441	4123	4137	4246	4380	4415	4437	4177	4178	4205	4456	4467	4460	4480	4575	4589	4452	4453	4454	4458	4481	4483	4484	4494	4506	4512	4513	4514	4550	4557	4561	4564	4566	4569	4576	4581	4582	4621	4633	4635	4640	4643	4654	4655	4666	4681	4682	4688	4692	4694	4714	4728	4731	4599	4625	4632	4734	4490	4586	4690	4455	4676	4707	4457	4622	4628	4653	4657	4660	4679	4685	4686	4702	4732	4733	4546	4559	4574	4600	4618	4663	4669	4725	4468	4479	4482	4491	4500	4504	4518	4535	4551	4583	4585	4596	4597	4602	4608	4615	4616	4623	4634	4638	4642	4645	4648	4667	4674	4689	4715	4740	4745	4840	4858	4910	4941	4979	5061	5121	5184	5203	5181	4925	4911	5233	4762	4832	4933	5199	4827	4841	4898	4920	5211	4844	4862	4868	4873	4926	4988	4993	4999	5001	5004	5006	5007	5029	5039	5089	5111	5112	5125	5127	5128	5191	5219	5235	5240	5243	5168	4780	4781	4789	4797	4800	4803	4839	4870	4871	4885	4890	4906	4918	4954	5021	5022	5035	5062	5097	5113	5114	5132	5133	5139	5148	5152	5157	5175	5246	4816	4899	4930	5032	5066	5094	5096	5182	5188	4804	4828	4829	4835	4902	4908	4912	4916	4931	5045	5103	5109	5110	5150	5160	5163	5169	5224	5229	5178	4842	5067	5098	5142	6007	5283	5299	5312	5379	5380	5398	5454	5967	6456	5326	5417	5310	5256	5382	5337	5630	5259	5429	5265	5349	6220	5332	5496	5563	5598	6264	6290	6292	6383	5286	5296	5327	5389	5391	5404	5420	5457	5482	5540	5554	5618	5639	5702	5708	5733	5738	5767	5818	5844	5864	5874	5973	6044	5346	5266	5261	5268	5802	6097	5308	5442	5501	5523	5604	5624	5771	6408	5584	5711	6306	5712	5810	5338	5432	5489	5550	5601	5734	5926	5997	5304	5415	6038	6157	5713	5913	6048	6411	5772	5910	6158	5262	5390	5530	5716	5804	5870	6056	5252	6079	5436	5875	6011	6135	5365	6362	6418	6420	5461	5257	5278	5307	5372	5551	5646	5755	5777	5857	5885	6005	6171	5829	5855	6134	6393	6217	5302	5472	5571	5597	5873	6458	5270	5487	5509	5665	5689	6248	6136	5460	5502	6117	5345	6551	5260	5468	5470	5490	5421	5510	5896	5526	5428	5254	5341	5465	5466	5569	5572	5574	5752	5756	5996	6364	6386	5701	6119	6098	5671	5627	5987	6170	6200	6014	5696	6096	5381	5518	5717	6527	5642	5821	5827	6176	5894	6387	6321	5347	5497	5781	5974	6182	6465	5888	6446	5517	6428	5856	6543	6263	6372	
1010	997	998	1333	1389	4646	4647	
1052	1053	2382	2383	2695	2625	2647	2684	2780	3244	3245	5927	
1771	1772	2059	4763	4764	5699	6258	5700	
1689	1690	1798	2156	
1985	1986	5649	6320	5650	
2448	5521	5522	6225	6333	
2449	3692	3693	3888	5424	5947	6205	6291	6453	
4783	4784	4922	5079	
632	633	847	929	1166	1268	2401	2446	2461	2462	2529	2531	2561	2572	2615	2644	2661	2663	2665	3139	4287	4664	4673	4571	4726	4959	4806	4949	4785	4786	5116	5214	5158	6246	6365	5872	6445	6530	6532	5860	5832	5300	5309	5714	5820	6058	6488	6204	5679	6256	6078	
416	417	696	697	787	1125	1159	1245	1246	1473	1474	1546	1614	2247	2302	2352	2254	2284	2318	2343	2891	2740	2826	3169	3175	3204	3246	3558	3871	4770	4923	4924	5174	5739	6206	5849	6071	5617	5740	5971	6209	6282	6302	6487	6454	6494	
2751	2752	3072	6231	
4077	4078	4185	4382	4393	6102	6223	6310	6337	6396	
4522	4523	4617	6250	
603	604	607	2433	2434	4049	4082	4341	4532	4568	4578	4580	4588	4601	4607	4700	4913	4914	4915	5024	5200	5218	6103	5449	5979	6132	6213	
4895	4896	4978	5058	5249	5520	
4935	4936	4991	5026	5088	5137	
6106	6037	5353	5354	5590	5789	6107	6350	6421	6550	6259	6493	
5375	5376	5775	6033	
5395	5396	
5413	5414	6455	
5425	5426	5958	6348	6406	
5479	5480	
5499	5500	
5532	5533	6345	6352	
5555	5556	6254	
5577	5578	6104	5879	5880	
5602	5603	
5643	5644	
3374	3375	3411	3424	3435	3531	5923	5654	5655	6178	
5656	5657	
5680	5681	5703	5776	5903	5704	
5720	5721	
5726	5727	5960	6235	6236	
5749	5750	
5762	5763	
5787	5788	
2785	5881	5882	
5890	5891	6381	
5892	5893	
5915	5916	5939	5943	
5917	5918	
5920	5921	
5931	5932	
1363	5940	5941	6063	
5982	5983	
5991	5992	
6002	6003	6169	
6012	6013	
6051	6052	
6053	6054	6072	6402	
6059	6060	
6064	6065	
6074	6075	6115	
6139	6140	
6174	6175	
6218	6219	6429	
6286	6287	6477	
6311	6312	6556	
6325	6326	6535	
6355	6356	
6434	6435	6563	
6439	6440	
6441	6442	
6449	6450	
6460	6461	
6462	6463	
6475	6476	
6479	6480	
6491	6492	
6501	6502	
6505	6506	6557	
6517	6518	
6521	6522	
6540	6541	
224	225	1907	1764	1765	1787	2073	1963	1964	2074	4863	
3342	3343	3469	3496	
3695	3696	5144	
3779	3780	4080	4081	4226	4269	5237	5238	
4790	4791	5078	5244	
4830	4831	4937	5180	
4544	4545	4553	4560	5025	5118	
5036	5037	5042	5044	5185	
5053	5054	5106	
5069	5070	
5129	5130	
5201	5202	
5241	5242	
1946	1947	5515	5741	6346	
1978	1979	
2427	2428	2530	3705	4068	4069	4086	4143	4155	4156	4318	
4134	4135	
4349	4350	
4375	4376	
4424	4425	
2013	2014	
2019	2020	2381	
2077	2078	
206	207	284	340	
231	232	
257	258	1609	
345	346	407	
418	419	
431	432	
839	840	
18	19	493	1016	1017	
1126	1127	1158	
1219	1220	2060	
120	121	
129	130	
0	1	
47	48	146	
201	202	
1328	1329	
853	854	1368	2569	
1381	1382	1560	
465	466	2205	
2331	2332	
2334	2335	
2361	2362	
2366	2367	
2511	2512	
2641	2642	
2844	2845	
2871	2872	2874	2965	5812	
