0	1
0	8
1	2
1	4
2	3
2	9
3	4
3	5
3	11
4	6
4	8
5	9
5	10
5	16
6	7
6	14
6	11
7	8
7	49
10	11
10	12
11	13
12	13
13	14
14	15
14	49
15	50
15	51
15	61
16	17
16	18
16	21
17	26
18	19
18	24
18	26
19	20
19	25
19	62
20	26
21	22
21	24
22	23
23	24
23	27
24	25
25	27
25	29
27	28
27	30
28	29
29	62
30	31
30	33
30	46
31	32
32	33
32	36
33	34
33	35
34	36
34	37
35	37
35	46
35	48
36	59
37	38
37	40
38	39
38	55
39	40
40	41
40	48
41	42
41	43
41	45
42	56
43	44
43	60
44	45
44	51
44	50
45	53
45	56
46	47
47	48
50	60
51	52
51	53
52	54
52	61
53	54
53	57
54	58
56	57
57	58
62	63
