19	+	7	19
21	+	8	11
24	+	9	57
35	+	14	21
38	+	16	691
39	+	16	483
40	+	16	17
42	+	18	691
43	+	18	694
48	+	21	483
50	+	22	49
52	+	23	483
53	+	23	696
59	+	25	52
67	+	28	47
70	+	29	46
77	+	32	110
79	+	33	111
84	+	35	111
92	+	38	44
95	+	39	704
98	+	40	705
100	+	41	116
102	+	42	702
103	+	42	704
105	+	43	504
106	+	43	700
107	+	44	505
108	+	45	112
109	+	45	114
111	+	46	505
113	+	47	481
114	+	48	482
115	+	48	696
117	+	50	72
118	+	50	86
124	+	53	66
130	+	56	66
132	+	57	66
142	+	64	70
147	+	68	472
153	+	71	472
156	+	73	89
158	+	74	473
159	+	74	89
162	+	75	90
163	+	76	473
164	+	76	476
181	+	82	475
186	+	84	477
189	+	87	477
190	+	87	93
191	+	87	113
195	+	90	476
197	+	91	106
198	+	92	474
199	+	92	106
200	+	93	478
201	+	93	480
203	+	94	475
204	+	94	480
206	+	95	98
207	+	95	707
209	+	96	706
211	+	97	100
213	+	98	475
215	+	99	103
216	+	99	474
223	+	104	108
226	+	105	474
230	+	109	476
232	+	110	477
235	+	112	477
237	+	113	478
240	+	115	701
241	+	115	478
242	+	115	710
243	+	116	701
246	+	117	704
248	+	118	147
249	+	118	705
251	+	119	145
252	+	119	128
265	+	124	150
266	+	124	157
294	+	139	689
295	+	139	690
296	+	140	690
297	+	140	148
305	+	148	705
306	+	148	711
308	+	149	702
309	+	149	704
310	+	150	703
314	+	152	495
315	+	152	496
317	+	153	495
318	+	153	699
326	+	157	703
330	+	159	313
331	+	159	315
376	+	179	214
377	+	179	518
389	+	186	315
390	+	188	518
391	+	188	314
392	+	188	312
395	+	189	212
418	+	199	303
421	+	200	207
429	+	204	527
438	+	209	211
447	+	215	303
448	+	215	220
460	+	220	713
462	+	221	258
463	+	221	713
465	+	222	259
466	+	222	538
474	+	225	537
475	+	225	259
493	+	232	257
499	+	234	299
502	+	235	536
507	+	237	535
508	+	237	536
512	+	239	523
518	+	241	523
521	+	242	244
529	+	248	526
530	+	248	524
531	+	248	306
532	+	249	524
533	+	252	537
534	+	252	265
536	+	253	265
537	+	253	256
542	+	255	280
543	+	255	284
549	+	260	263
550	+	260	537
557	+	263	547
559	+	264	537
560	+	264	544
562	+	266	268
563	+	266	544
566	+	267	539
570	+	269	539
571	+	269	540
573	+	270	279
574	+	270	277
576	+	271	540
578	+	272	277
581	+	273	276
585	+	275	546
586	+	275	330
588	+	276	545
591	+	278	545
592	+	278	547
593	+	279	544
605	+	285	291
606	+	286	296
608	+	287	543
611	+	288	539
612	+	289	541
613	+	289	542
614	+	290	542
619	+	292	295
627	+	300	535
628	+	301	533
629	+	301	534
632	+	306	527
633	+	306	528
635	+	307	518
636	+	307	713
639	+	308	538
642	+	309	518
647	+	311	538
651	+	313	519
652	+	314	548
653	+	316	519
654	+	316	318
656	+	317	520
658	+	318	522
660	+	319	520
661	+	319	521
667	+	321	521
670	+	322	328
675	+	324	342
680	+	326	330
686	+	329	332
687	+	329	546
688	+	330	347
690	+	331	340
691	+	331	338
695	+	333	335
696	+	333	546
697	+	334	547
698	+	334	545
702	+	337	548
705	+	339	522
706	+	339	548
707	+	340	521
709	+	341	520
710	+	342	345
716	+	348	552
724	+	352	549
725	+	352	552
726	+	352	587
732	+	354	373
735	+	355	562
737	+	356	369
738	+	356	585
741	+	357	562
744	+	358	585
749	+	360	396
752	+	361	562
754	+	362	414
755	+	362	567
757	+	363	567
758	+	363	563
761	+	364	562
769	+	367	590
772	+	369	590
774	+	371	587
775	+	371	373
776	+	372	441
777	+	372	436
780	+	374	381
783	+	377	395
784	+	377	590
789	+	379	389
795	+	384	395
796	+	384	389
799	+	385	394
816	+	395	585
842	+	405	462
843	+	405	423
845	+	406	763
846	+	406	765
851	+	408	412
852	+	409	464
853	+	409	417
854	+	409	768
857	+	410	433
865	+	414	566
870	+	418	767
871	+	418	768
875	+	420	767
876	+	420	772
887	+	426	450
898	+	433	465
899	+	433	717
901	+	436	563
906	+	438	591
907	+	438	563
909	+	439	591
910	+	439	592
912	+	440	588
913	+	440	716
914	+	441	587
916	+	442	568
917	+	442	564
920	+	443	591
921	+	444	571
922	+	444	569
923	+	444	574
925	+	445	568
926	+	445	569
928	+	446	573
929	+	446	584
931	+	447	763
932	+	447	613
933	+	448	584
934	+	448	462
936	+	449	765
940	+	451	766
942	+	452	615
947	+	456	616
951	+	461	566
952	+	461	586
953	+	462	586
955	+	464	467
959	+	467	768
963	+	470	776
964	+	472	473
965	+	474	475
966	+	478	479
967	+	479	480
968	+	479	710
969	+	479	708
970	+	480	707
971	+	481	482
972	+	481	505
973	+	481	698
974	+	482	692
975	+	482	693
976	+	483	484
977	+	484	485
978	+	484	691
979	+	484	696
980	+	485	486
981	+	485	509
982	+	485	692
983	+	486	487
984	+	486	508
985	+	486	510
986	+	487	488
987	+	487	507
988	+	487	511
989	+	488	489
990	+	488	506
991	+	488	508
992	+	489	490
993	+	489	494
994	+	489	507
995	+	490	491
996	+	490	498
997	+	490	499
998	+	491	492
999	+	491	497
1000	+	491	494
1001	+	492	493
1002	+	492	495
1003	+	492	496
1004	+	493	494
1005	+	493	502
1006	+	493	697
1007	+	494	506
1008	+	495	502
1009	+	496	497
1010	+	497	498
1011	+	498	501
1012	+	499	500
1013	+	499	501
1014	+	499	507
1015	+	500	512
1016	+	500	515
1017	+	500	516
1018	+	501	515
1019	+	502	503
1020	+	502	699
1021	+	503	504
1022	+	503	697
1023	+	503	700
1024	+	504	505
1025	+	504	698
1026	+	506	697
1027	+	506	693
1028	+	507	512
1029	+	508	692
1030	+	508	693
1031	+	509	510
1032	+	509	691
1033	+	509	694
1034	+	510	511
1035	+	510	695
1036	+	511	512
1037	+	511	514
1038	+	512	513
1039	+	513	514
1040	+	513	516
1041	+	514	695
1042	+	515	517
1043	+	516	517
1044	+	519	548
1045	+	519	522
1046	+	521	522
1047	+	523	524
1048	+	523	536
1049	+	524	525
1050	+	525	526
1051	+	525	536
1052	+	525	535
1053	+	526	528
1054	+	526	534
1055	+	527	530
1056	+	528	529
1057	+	528	530
1058	+	529	531
1059	+	529	533
1060	+	529	534
1061	+	530	531
1062	+	531	532
1063	+	532	533
1064	+	534	535
1065	+	538	713
1066	+	539	541
1067	+	540	541
1068	+	542	543
1069	+	544	547
1070	+	545	546
1071	+	549	550
1072	+	549	553
1073	+	549	588
1074	+	550	551
1075	+	550	552
1076	+	551	553
1077	+	551	560
1078	+	553	554
1079	+	553	561
1080	+	554	555
1081	+	554	560
1082	+	554	589
1083	+	555	556
1084	+	555	557
1085	+	555	718
1086	+	556	559
1087	+	556	560
1088	+	557	558
1089	+	557	559
1090	+	557	719
1091	+	558	722
1092	+	558	762
1093	+	559	762
1094	+	561	589
1095	+	561	588
1096	+	563	564
1097	+	564	565
1098	+	564	567
1099	+	565	566
1100	+	565	568
1101	+	565	586
1102	+	566	567
1103	+	568	584
1104	+	569	570
1105	+	569	573
1106	+	570	571
1107	+	570	575
1108	+	570	612
1109	+	571	572
1110	+	571	715
1111	+	572	574
1112	+	572	593
1113	+	572	598
1114	+	573	575
1115	+	573	613
1116	+	574	591
1117	+	574	592
1118	+	575	576
1119	+	575	578
1120	+	576	577
1121	+	576	579
1122	+	576	613
1123	+	577	582
1124	+	577	583
1125	+	578	579
1126	+	578	580
1127	+	578	612
1128	+	579	582
1129	+	579	610
1130	+	580	581
1131	+	580	603
1132	+	580	610
1133	+	581	604
1134	+	581	602
1135	+	582	609
1136	+	582	775
1137	+	583	613
1138	+	583	614
1139	+	583	763
1140	+	584	586
1141	+	585	590
1142	+	587	588
1143	+	589	597
1144	+	589	718
1145	+	592	593
1146	+	593	594
1147	+	593	597
1148	+	594	595
1149	+	594	596
1150	+	594	598
1151	+	595	714
1152	+	595	720
1153	+	595	599
1154	+	596	597
1155	+	596	720
1156	+	596	718
1157	+	597	716
1158	+	598	599
1159	+	598	715
1160	+	599	600
1161	+	599	611
1162	+	600	601
1163	+	600	714
1164	+	601	602
1165	+	601	611
1166	+	602	603
1167	+	602	620
1168	+	603	611
1169	+	603	612
1170	+	604	605
1171	+	604	610
1172	+	605	606
1173	+	605	609
1174	+	606	607
1175	+	606	608
1176	+	607	618
1177	+	607	619
1178	+	608	609
1179	+	608	619
1180	+	609	610
1181	+	611	715
1182	+	612	715
1183	+	614	615
1184	+	614	764
1185	+	615	773
1186	+	616	617
1187	+	617	618
1188	+	617	619
1189	+	620	621
1190	+	621	622
1191	+	622	623
1192	+	622	626
1193	+	623	624
1194	+	624	625
1195	+	624	626
1196	+	625	631
1197	+	626	627
1198	+	626	629
1199	+	627	628
1200	+	628	629
1201	+	628	745
1202	+	628	665
1203	+	629	630
1204	+	630	665
1205	+	631	632
1206	+	632	633
1207	+	633	634
1208	+	634	635
1209	+	634	637
1210	+	635	636
1211	+	635	640
1212	+	635	641
1213	+	636	642
1214	+	637	638
1215	+	638	639
1216	+	639	640
1217	+	642	643
1218	+	643	644
1219	+	643	648
1220	+	644	645
1221	+	644	647
1222	+	645	646
1223	+	645	648
1224	+	645	649
1225	+	646	647
1226	+	649	650
1227	+	650	651
1228	+	651	652
1229	+	651	653
1230	+	652	654
1231	+	653	654
1232	+	653	655
1233	+	655	656
1234	+	656	657
1235	+	656	659
1236	+	657	658
1237	+	658	659
1238	+	659	660
1239	+	660	661
1240	+	660	663
1241	+	661	662
1242	+	663	664
1243	+	664	665
1244	+	664	666
1245	+	665	667
1246	+	666	667
1247	+	667	668
1248	+	667	745
1249	+	668	669
1250	+	668	723
1251	+	669	670
1252	+	669	746
1253	+	670	671
1254	+	670	723
1255	+	671	672
1256	+	671	673
1257	+	671	678
1258	+	672	724
1259	+	673	674
1260	+	673	677
1261	+	673	680
1262	+	674	675
1263	+	674	679
1264	+	674	750
1265	+	675	676
1266	+	675	677
1267	+	675	726
1268	+	676	729
1269	+	676	734
1270	+	677	678
1271	+	677	725
1272	+	679	680
1273	+	679	681
1274	+	679	751
1275	+	680	727
1276	+	681	682
1277	+	681	727
1278	+	681	757
1279	+	682	683
1280	+	683	684
1281	+	683	727
1282	+	684	685
1283	+	684	752
1284	+	685	686
1285	+	686	687
1286	+	686	760
1287	+	687	688
1288	+	687	761
1289	+	688	689
1290	+	688	759
1291	+	688	760
1292	+	689	709
1293	+	689	712
1294	+	690	711
1295	+	690	709
1296	+	692	696
1297	+	693	698
1298	+	694	695
1299	+	697	698
1300	+	699	700
1301	+	699	703
1302	+	700	702
1303	+	701	705
1304	+	701	711
1305	+	702	703
1306	+	706	707
1307	+	706	712
1308	+	707	708
1309	+	708	709
1310	+	708	712
1311	+	709	710
1312	+	710	711
1313	+	714	721
1314	+	718	719
1315	+	719	720
1316	+	719	722
1317	+	720	721
1318	+	721	722
1319	+	725	726
1320	+	725	728
1321	+	725	737
1322	+	726	729
1323	+	726	733
1324	+	727	756
1325	+	728	748
1326	+	728	746
1327	+	729	730
1328	+	729	735
1329	+	730	731
1330	+	730	732
1331	+	730	733
1332	+	732	735
1333	+	732	747
1334	+	733	736
1335	+	733	737
1336	+	734	735
1337	+	736	738
1338	+	737	738
1339	+	737	748
1340	+	738	739
1341	+	739	740
1342	+	740	741
1343	+	740	742
1344	+	741	743
1345	+	742	743
1346	+	742	746
1347	+	742	748
1348	+	743	744
1349	+	743	749
1350	+	744	745
1351	+	746	749
1352	+	750	751
1353	+	751	757
1354	+	751	758
1355	+	752	753
1356	+	752	754
1357	+	752	755
1358	+	755	756
1359	+	757	760
1360	+	757	759
1361	+	758	759
1362	+	764	765
1363	+	767	771
1364	+	767	769
1365	+	768	769
1366	+	769	770
1367	+	770	771
1368	+	770	776
1369	+	773	774
1370	+	774	775
1371	+	776	777
