782	+	375	383
885	+	423	765
939	+	449	766
941	+	450	458
947	+	452	455
952	+	455	773
954	+	456	872
958	+	460	772
1104	+	561	716
1134	+	577	871
1156	+	592	716
1191	+	608	775
1197	+	614	871
1199	+	615	766
1203	+	617	872
1204	+	618	873
1205	+	619	774
1207	+	620	744
1208	+	620	741
1210	+	621	627
1214	+	623	861
1217	+	624	638
1219	+	625	637
1223	+	627	744
1229	+	630	661
1230	+	630	631
1232	+	631	662
1234	+	632	637
1236	+	633	647
1239	+	634	639
1244	+	636	870
1247	+	638	861
1249	+	639	862
1250	+	640	863
1251	+	641	642
1261	+	647	864
1262	+	648	869
1264	+	649	794
1266	+	650	866
1267	+	650	867
1270	+	651	794
1272	+	652	866
1275	+	653	793
1276	+	654	795
1280	+	656	792
1282	+	657	789
1284	+	658	663
1285	+	658	788
1287	+	659	787
1290	+	660	786
1292	+	661	664
1293	+	662	786
1294	+	662	864
1296	+	663	785
1305	+	668	749
1308	+	669	678
1326	+	676	750
1329	+	678	728
1338	+	682	760
1343	+	684	824
1345	+	685	826
1348	+	686	783
1381	+	723	784
1395	+	731	736
1406	+	739	748
1423	+	753	823
1424	+	753	824
1425	+	753	827
1430	+	758	778
1431	+	761	779
1432	+	763	764
1434	+	764	766
1441	+	771	772
1443	+	773	871
1445	+	774	872
1446	+	775	871
1448	+	779	780
1449	+	780	781
1450	+	781	782
1451	+	782	783
1452	+	784	785
1453	+	785	788
1454	+	786	787
1455	+	786	865
1456	+	787	793
1457	+	788	789
1458	+	789	790
1459	+	789	860
1460	+	790	791
1461	+	790	829
1462	+	791	792
1463	+	793	794
1464	+	793	865
1465	+	795	796
1466	+	795	797
1467	+	796	844
1468	+	796	845
1469	+	797	798
1470	+	797	841
1471	+	797	844
1472	+	798	799
1473	+	799	800
1474	+	800	801
1475	+	800	834
1476	+	800	840
1477	+	801	802
1478	+	801	832
1479	+	801	859
1480	+	802	803
1481	+	802	805
1482	+	802	840
1483	+	803	804
1484	+	803	839
1485	+	804	838
1486	+	804	858
1487	+	805	806
1488	+	806	807
1489	+	807	808
1490	+	807	839
1491	+	808	809
1492	+	808	810
1493	+	809	812
1494	+	809	813
1495	+	810	811
1496	+	810	813
1497	+	811	816
1498	+	811	820
1499	+	812	814
1500	+	812	818
1501	+	813	814
1502	+	813	816
1503	+	814	815
1504	+	814	817
1505	+	815	818
1506	+	815	819
1507	+	816	817
1508	+	820	821
1509	+	821	822
1510	+	822	823
1511	+	823	825
1512	+	824	825
1513	+	824	826
1514	+	827	828
1515	+	828	829
1516	+	828	830
1517	+	829	831
1518	+	829	833
1519	+	831	832
1520	+	831	859
1521	+	832	833
1522	+	834	835
1523	+	834	841
1524	+	835	836
1525	+	835	838
1526	+	836	837
1527	+	836	841
1528	+	836	842
1529	+	837	838
1530	+	841	843
1531	+	842	843
1532	+	842	854
1533	+	843	844
1534	+	843	857
1535	+	844	853
1536	+	845	846
1537	+	846	847
1538	+	847	848
1539	+	847	853
1540	+	848	849
1541	+	848	857
1542	+	849	850
1543	+	849	854
1544	+	850	851
1545	+	850	855
1546	+	851	852
1547	+	855	856
1548	+	861	862
1549	+	862	863
1550	+	864	865
1551	+	867	868
1552	+	867	869
