898	+	430	434
1221	+	625	629
1239	+	633	641
1255	+	641	644
1265	+	646	865
1266	+	646	794
1284	+	655	881
1290	+	657	791
1319	+	670	724
1324	+	672	680
1325	+	672	756
1350	+	682	685
1353	+	683	755
1395	+	724	884
1396	+	724	784
1416	+	734	778
1432	+	745	749
1435	+	750	778
1444	+	754	827
1445	+	754	830
1446	+	754	883
1448	+	756	884
1454	+	761	783
1474	+	781	890
1476	+	783	826
1478	+	784	882
1488	+	790	830
1490	+	791	833
1491	+	792	880
1492	+	792	881
1497	+	795	879
1504	+	798	834
1505	+	798	879
1507	+	799	880
1508	+	799	832
1522	+	804	840
1524	+	805	811
1526	+	806	810
1545	+	815	876
1547	+	816	821
1548	+	817	822
1549	+	817	876
1550	+	818	877
1551	+	819	877
1552	+	819	886
1554	+	820	878
1555	+	820	859
1557	+	821	874
1559	+	822	875
1561	+	823	874
1564	+	825	885
1565	+	825	875
1567	+	827	874
1570	+	828	878
1573	+	830	860
1576	+	831	878
1578	+	833	880
1587	+	839	858
1595	+	845	853
1606	+	853	857
1613	+	874	878
1614	+	875	876
1615	+	876	886
1616	+	877	887
1617	+	879	880
1618	+	879	881
1619	+	883	884
1620	+	886	889
1621	+	886	890
1622	+	887	888
