900	+	431	463
965	+	463	717
969	+	465	897
972	+	466	899
974	+	467	777
977	+	468	777
978	+	469	899
979	+	469	471
1211	+	616	873
1247	+	632	864
1265	+	640	870
1292	+	652	796
1300	+	655	787
1407	+	717	897
1483	+	769	777
1494	+	779	782
1496	+	780	894
1499	+	781	889
1501	+	782	885
1510	+	788	882
1547	+	803	806
1553	+	805	859
1582	+	819	895
1596	+	826	885
1620	+	837	896
1626	+	842	852
1632	+	845	866
1634	+	846	868
1644	+	851	856
1645	+	851	854
1646	+	852	898
1648	+	854	857
1650	+	856	898
1661	+	870	892
1664	+	875	889
1669	+	882	884
1671	+	885	889
1675	+	887	895
1676	+	888	893
1677	+	890	895
1678	+	890	894
1679	+	891	896
