0	1
0	61
1	2
1	59
2	3
2	4
2	61
3	10
3	59
3	63
4	5
4	10
4	62
5	6
5	8
5	9
6	7
6	62
7	8
8	13
9	10
9	11
10	58
11	12
11	54
12	13
12	20
12	21
13	14
13	19
14	15
14	16
15	17
15	19
17	18
20	22
20	24
20	54
21	22
22	23
23	27
24	25
24	49
24	53
25	26
25	31
26	49
26	28
26	30
27	28
27	48
27	49
28	29
29	30
29	34
30	31
30	33
31	32
31	51
32	33
32	50
33	34
34	35
34	36
35	37
35	45
36	37
36	44
36	46
37	38
37	41
38	39
38	42
39	40
39	41
40	116
40	117
41	45
42	43
43	44
46	47
47	48
50	51
51	52
51	55
52	53
52	56
53	54
54	57
55	56
55	72
55	73
56	69
57	58
58	63
58	65
59	60
60	67
60	63
61	62
63	64
64	65
64	67
65	66
65	69
67	68
68	70
69	70
69	73
70	71
71	73
71	74
72	78
72	89
74	75
75	76
75	77
77	78
77	89
77	85
78	79
78	86
79	80
79	84
79	85
80	81
80	82
80	83
81	91
81	92
81	85
82	88
82	92
83	84
83	87
83	88
84	86
85	90
86	110
88	93
88	94
90	91
91	109
94	95
95	96
96	97
97	98
98	99
99	100
100	101
101	102
101	103
102	104
103	104
103	105
105	106
105	108
106	107
107	108
107	109
110	111
111	112
112	113
113	114
114	115
114	116
117	118
117	120
118	119
119	120
120	121
120	149
121	122
121	128
121	150
122	123
122	124
122	125
123	126
123	127
123	128
124	142
125	126
125	142
126	141
127	129
127	141
127	144
128	129
129	130
129	145
130	131
130	136
130	144
131	132
131	134
132	133
132	136
133	137
133	138
134	135
134	144
135	146
136	137
136	145
137	140
137	147
138	139
138	140
141	146
142	143
143	151
143	157
144	146
145	147
147	148
149	150
151	152
151	153
151	154
153	157
154	155
154	158
154	315
155	156
155	186
156	161
156	187
158	159
158	160
159	316
160	316
160	317
161	162
161	175
162	163
162	182
163	164
163	166
164	165
164	167
165	166
165	168
165	169
166	170
166	182
167	168
168	304
169	170
169	211
169	304
170	171
170	173
171	172
171	210
171	211
172	173
172	176
172	181
173	174
173	182
174	175
174	176
174	183
175	182
175	187
176	177
176	180
177	178
177	185
177	183
178	179
178	180
178	213
179	185
180	212
180	181
181	189
181	210
183	184
183	187
184	185
184	186
184	312
185	188
186	187
189	190
189	199
190	191
190	198
190	210
191	192
191	193
191	209
192	194
192	208
193	194
193	195
193	198
194	206
195	196
195	206
195	201
196	197
196	198
196	200
197	199
197	207
197	302
198	199
200	201
200	245
201	202
201	246
202	203
202	206
203	204
203	246
204	205
205	246
205	247
205	306
207	243
207	244
208	209
208	305
209	210
211	305
212	213
212	303
213	214
213	215
214	220
214	307
215	216
216	217
216	219
216	302
217	218
217	250
217	244
218	219
218	223
218	258
219	220
219	221
221	222
222	261
223	224
223	250
223	251
224	225
224	227
224	258
225	226
226	227
226	228
226	252
227	251
227	232
228	229
228	231
228	232
229	230
229	257
229	293
230	231
230	256
230	291
231	252
231	253
232	233
233	234
233	239
233	251
234	235
234	257
235	236
235	239
236	237
236	298
236	299
237	238
238	298
238	300
239	240
240	241
240	250
240	251
241	242
241	249
242	243
242	250
243	245
243	249
244	302
245	246
245	247
247	248
247	249
253	254
254	255
254	266
254	267
255	256
256	285
257	292
258	259
259	260
260	261
261	262
261	311
262	263
262	334
262	335
263	264
264	265
265	266
267	268
267	280
268	269
268	279
269	270
270	271
271	272
272	273
273	274
273	348
274	275
274	347
275	276
276	277
277	278
278	279
280	281
280	288
281	282
281	284
281	290
282	283
282	287
283	284
283	286
284	285
285	286
287	290
288	289
288	290
291	293
291	296
292	293
292	299
293	294
294	295
294	296
295	297
297	298
297	299
300	301
302	303
304	305
307	308
308	309
308	310
309	314
309	337
310	311
310	336
310	337
311	335
312	313
312	315
313	314
317	318
318	319
319	320
320	321
320	324
320	341
321	322
321	323
322	340
322	325
323	324
323	325
323	343
324	344
325	326
325	346
326	327
326	328
327	346
327	347
328	329
328	331
329	330
331	332
332	333
332	336
333	334
335	336
336	338
337	338
338	339
339	340
341	342
343	344
343	346
344	345
348	349
348	351
349	350
349	370
350	351
350	353
350	373
351	352
351	371
353	354
353	366
353	370
354	355
354	369
355	356
355	365
356	357
357	358
357	360
358	359
358	394
359	360
359	393
359	392
360	361
361	362
361	363
362	396
363	364
364	365
364	436
365	372
365	373
366	367
366	368
366	369
367	374
367	376
368	370
368	376
371	372
374	375
374	377
375	376
377	378
378	379
378	381
378	384
379	380
380	381
380	382
381	383
382	383
384	385
385	386
385	388
386	387
386	389
387	388
387	435
388	390
388	393
390	391
390	427
390	435
391	392
391	393
391	434
392	396
392	416
393	394
394	395
396	397
397	398
397	414
397	416
398	399
398	413
398	415
399	400
399	412
399	407
400	401
400	403
400	415
401	402
401	461
401	462
402	403
402	405
402	424
403	404
403	407
404	419
404	417
404	424
405	406
406	448
407	408
407	417
408	409
408	410
410	411
410	464
411	412
411	429
411	430
412	413
413	416
413	430
414	415
415	461
416	434
417	418
418	419
419	420
419	421
420	425
421	422
421	424
421	425
422	423
422	426
422	449
423	424
425	426
425	460
426	459
427	428
427	432
427	434
428	429
428	430
428	431
429	433
429	463
431	432
432	435
436	437
437	438
437	439
437	441
438	442
439	440
440	441
442	443
443	444
443	445
445	446
446	447
447	448
449	450
450	451
451	452
451	457
452	453
453	454
453	457
454	455
454	456
457	458
458	459
459	460
464	465
465	466
466	467
466	468
468	469
468	470
470	471
