0	1
0	61
1	2
1	59
2	3
2	4
2	61
3	10
3	59
3	63
4	5
4	10
4	62
5	6
5	8
5	9
6	7
6	62
7	8
7	19
8	13
8	11
9	10
9	11
9	57
10	58
11	12
11	54
12	13
12	20
12	21
13	14
13	19
14	15
14	16
14	21
15	17
15	19
16	691
16	483
16	17
17	18
18	691
18	694
20	22
20	24
20	54
21	22
21	483
22	23
22	49
23	27
23	483
23	696
24	25
24	49
24	53
25	26
25	31
25	52
26	49
26	28
26	30
27	28
27	48
27	49
28	29
28	47
29	30
29	34
29	46
30	31
30	33
31	32
31	51
32	33
32	50
32	110
33	34
33	111
34	35
34	36
35	37
35	45
35	111
36	37
36	44
36	46
37	38
37	41
38	39
38	42
38	44
39	40
39	41
39	704
40	116
40	117
40	705
41	45
41	116
42	43
42	702
42	704
43	44
43	504
43	700
44	505
45	112
45	114
46	47
46	505
47	48
47	481
48	482
48	696
50	51
50	72
50	86
51	52
51	55
52	53
52	56
53	54
53	66
54	57
55	56
55	72
55	73
56	69
56	66
57	58
57	66
58	63
58	65
59	60
60	67
60	63
61	62
63	64
64	65
64	67
64	70
65	66
65	69
67	68
68	70
68	472
69	70
69	73
70	71
71	73
71	74
71	472
72	78
72	89
73	89
74	75
74	473
74	89
75	76
75	77
75	90
76	473
76	476
77	78
77	89
77	85
78	79
78	86
79	80
79	84
79	85
80	81
80	82
80	83
81	91
81	92
81	85
82	88
82	92
82	475
83	84
83	87
83	88
84	86
84	477
85	90
86	110
87	477
87	93
87	113
88	93
88	94
90	91
90	476
91	109
91	106
92	474
92	106
93	478
93	480
94	95
94	475
94	480
95	96
95	98
95	707
96	97
96	706
97	98
97	100
98	99
98	475
99	100
99	103
99	474
100	101
101	102
101	103
102	104
103	104
103	105
104	108
105	106
105	108
105	474
106	107
107	108
107	109
109	476
110	111
110	477
111	112
112	113
112	477
113	114
113	478
114	115
114	116
115	701
115	478
115	710
116	701
117	118
117	120
117	704
118	119
118	147
118	705
119	120
119	145
119	128
120	121
120	149
121	122
121	128
121	150
122	123
122	124
122	125
123	126
123	127
123	128
124	142
124	150
124	157
125	126
125	142
126	141
127	129
127	141
127	144
128	129
129	130
129	145
130	131
130	136
130	144
131	132
131	134
132	133
132	136
133	137
133	138
134	135
134	144
135	146
136	137
136	145
137	140
137	147
138	139
138	140
139	689
139	690
140	690
140	148
141	146
142	143
143	151
143	157
144	146
145	147
147	148
148	705
148	711
149	150
149	702
149	704
150	703
151	152
151	153
151	154
152	495
152	496
153	157
153	495
153	699
154	155
154	158
154	315
155	156
155	186
156	161
156	187
157	703
158	159
158	160
159	316
159	313
159	315
160	316
160	317
161	162
161	175
162	163
162	182
163	164
163	166
164	165
164	167
165	166
165	168
165	169
166	170
166	182
167	168
168	304
169	170
169	211
169	304
170	171
170	173
171	172
171	210
171	211
172	173
172	176
172	181
173	174
173	182
174	175
174	176
174	183
175	182
175	187
176	177
176	180
177	178
177	185
177	183
178	179
178	180
178	213
179	185
179	214
179	518
180	212
180	181
181	189
181	210
183	184
183	187
184	185
184	186
184	312
185	188
186	187
186	315
188	518
188	314
188	312
189	190
189	199
189	212
190	191
190	198
190	210
191	192
191	193
191	209
192	194
192	208
193	194
193	195
193	198
194	206
195	196
195	206
195	201
196	197
196	198
196	200
197	199
197	207
197	302
198	199
199	303
200	201
200	245
200	207
201	202
201	246
202	203
202	206
203	204
203	246
204	205
204	527
205	246
205	247
205	306
207	243
207	244
208	209
208	305
209	210
209	211
211	305
212	213
212	303
213	214
213	215
214	220
214	307
215	216
215	303
215	220
216	217
216	219
216	302
217	218
217	250
217	244
218	219
218	223
218	258
219	220
219	221
220	713
221	222
221	258
221	713
222	261
222	259
222	538
223	224
223	250
223	251
224	225
224	227
224	258
225	226
225	537
225	259
226	227
226	228
226	252
227	251
227	232
228	229
228	231
228	232
229	230
229	257
229	293
230	231
230	256
230	291
231	252
231	253
232	233
232	257
233	234
233	239
233	251
234	235
234	257
234	299
235	236
235	239
235	536
236	237
236	298
236	299
237	238
237	535
237	536
238	298
238	300
239	240
239	523
240	241
240	250
240	251
241	242
241	249
241	523
242	243
242	250
242	244
243	245
243	249
244	302
245	246
245	247
247	248
247	249
248	526
248	524
248	306
249	524
252	537
252	265
253	254
253	265
253	256
254	255
254	266
254	267
255	256
255	280
255	284
256	285
257	292
258	259
259	260
260	261
260	263
260	537
261	262
261	311
262	263
262	334
262	335
263	264
263	547
264	265
264	537
264	544
265	266
266	268
266	544
267	268
267	280
267	539
268	269
268	279
269	270
269	539
269	540
270	271
270	279
270	277
271	272
271	540
272	273
272	277
273	274
273	348
273	276
274	275
274	347
275	276
275	546
275	330
276	277
276	545
277	278
278	279
278	545
278	547
279	544
280	281
280	288
281	282
281	284
281	290
282	283
282	287
283	284
283	286
284	285
285	286
285	291
286	296
287	290
287	543
288	289
288	290
288	539
289	541
289	542
290	542
291	293
291	296
292	293
292	299
292	295
293	294
294	295
294	296
295	297
297	298
297	299
300	301
300	535
301	533
301	534
302	303
304	305
306	527
306	528
307	308
307	518
307	713
308	309
308	310
308	538
309	314
309	337
309	518
310	311
310	336
310	337
311	335
311	538
312	313
312	315
313	314
313	519
314	548
316	519
316	318
317	318
317	520
318	319
318	522
319	320
319	520
319	521
320	321
320	324
320	341
321	322
321	323
321	521
322	340
322	325
322	328
323	324
323	325
323	343
324	344
324	342
325	326
325	346
326	327
326	328
326	330
327	346
327	347
328	329
328	331
329	330
329	332
329	546
330	347
331	332
331	340
331	338
332	333
332	336
333	334
333	335
333	546
334	547
334	545
335	336
336	338
337	338
337	548
338	339
339	340
339	522
339	548
340	521
341	342
341	520
342	345
343	344
343	346
344	345
348	349
348	351
348	552
349	350
349	370
350	351
350	353
350	373
351	352
351	371
352	549
352	552
352	587
353	354
353	366
353	370
354	355
354	369
354	373
355	356
355	365
355	562
356	357
356	369
356	585
357	358
357	360
357	562
358	359
358	394
358	585
359	360
359	393
359	392
360	361
360	396
361	362
361	363
361	562
362	396
362	414
362	567
363	364
363	567
363	563
364	365
364	436
364	562
365	372
365	373
366	367
366	368
366	369
367	374
367	376
367	590
368	370
368	376
369	590
371	372
371	587
371	373
372	441
372	436
374	375
374	377
374	381
375	376
377	378
377	395
377	590
378	379
378	381
378	384
379	380
379	389
380	381
380	382
381	383
382	383
384	385
384	395
384	389
385	386
385	388
385	394
386	387
386	389
387	388
387	435
388	390
388	393
390	391
390	427
390	435
391	392
391	393
391	434
392	396
392	416
393	394
394	395
395	585
396	397
397	398
397	414
397	416
398	399
398	413
398	415
399	400
399	412
399	407
400	401
400	403
400	415
401	402
401	461
401	462
402	403
402	405
402	424
403	404
403	407
404	419
404	417
404	424
405	406
405	462
405	423
406	448
406	763
406	765
407	408
407	417
408	409
408	410
408	412
409	464
409	417
409	768
410	411
410	464
410	433
411	412
411	429
411	430
412	413
413	416
413	430
414	415
414	566
415	461
416	434
417	418
418	419
418	767
418	768
419	420
419	421
420	425
420	767
420	772
421	422
421	424
421	425
422	423
422	426
422	449
423	424
425	426
425	460
426	459
426	450
427	428
427	432
427	434
428	429
428	430
428	431
429	433
429	463
431	432
432	435
433	465
433	717
436	437
436	563
437	438
437	439
437	441
438	442
438	591
438	563
439	440
439	591
439	592
440	441
440	588
440	716
441	587
442	443
442	568
442	564
443	444
443	445
443	591
444	571
444	569
444	574
445	446
445	568
445	569
446	447
446	573
446	584
447	448
447	763
447	613
448	584
448	462
449	450
449	765
450	451
451	452
451	457
451	766
452	453
452	615
453	454
453	457
454	455
454	456
456	616
457	458
458	459
459	460
461	566
461	586
462	586
464	465
464	467
465	466
466	467
466	468
467	768
468	469
468	470
470	471
470	776
472	473
474	475
478	479
479	480
479	710
479	708
480	707
481	482
481	505
481	698
482	692
482	693
483	484
484	485
484	691
484	696
485	486
485	509
485	692
486	487
486	508
486	510
487	488
487	507
487	511
488	489
488	506
488	508
489	490
489	494
489	507
490	491
490	498
490	499
491	492
491	497
491	494
492	493
492	495
492	496
493	494
493	502
493	697
494	506
495	502
496	497
497	498
498	501
499	500
499	501
499	507
500	512
500	515
500	516
501	515
502	503
502	699
503	504
503	697
503	700
504	505
504	698
506	697
506	693
507	512
508	692
508	693
509	510
509	691
509	694
510	511
510	695
511	512
511	514
512	513
513	514
513	516
514	695
515	517
516	517
519	548
519	522
521	522
523	524
523	536
524	525
525	526
525	536
525	535
526	528
526	534
527	530
528	529
528	530
529	531
529	533
529	534
530	531
531	532
532	533
534	535
538	713
539	541
540	541
542	543
544	547
545	546
549	550
549	553
549	588
550	551
550	552
551	553
551	560
553	554
553	561
554	555
554	560
554	589
555	556
555	557
555	718
556	559
556	560
557	558
557	559
557	719
558	722
558	762
559	762
561	589
561	588
563	564
564	565
564	567
565	566
565	568
565	586
566	567
568	584
569	570
569	573
570	571
570	575
570	612
571	572
571	715
572	574
572	593
572	598
573	575
573	613
574	591
574	592
575	576
575	578
576	577
576	579
576	613
577	582
577	583
578	579
578	580
578	612
579	582
579	610
580	581
580	603
580	610
581	604
581	602
582	609
582	775
583	613
583	614
583	763
584	586
585	590
587	588
589	597
589	718
592	593
593	594
593	597
594	595
594	596
594	598
595	714
595	720
595	599
596	597
596	720
596	718
597	716
598	599
598	715
599	600
599	611
600	601
600	714
601	602
601	611
602	603
602	620
603	611
603	612
604	605
604	610
605	606
605	609
606	607
606	608
607	618
607	619
608	609
608	619
609	610
611	715
612	715
614	615
614	764
615	773
616	617
617	618
617	619
620	621
621	622
622	623
622	626
623	624
624	625
624	626
625	631
626	627
626	629
627	628
628	629
628	745
628	665
629	630
630	665
631	632
632	633
633	634
634	635
634	637
635	636
635	640
635	641
636	642
637	638
638	639
639	640
642	643
643	644
643	648
644	645
644	647
645	646
645	648
645	649
646	647
649	650
650	651
651	652
651	653
652	654
653	654
653	655
655	656
656	657
656	659
657	658
658	659
659	660
660	661
660	663
661	662
663	664
664	665
664	666
665	667
666	667
667	668
667	745
668	669
668	723
669	670
669	746
670	671
670	723
671	672
671	673
671	678
672	724
673	674
673	677
673	680
674	675
674	679
674	750
675	676
675	677
675	726
676	729
676	734
677	678
677	725
679	680
679	681
679	751
680	727
681	682
681	727
681	757
682	683
683	684
683	727
684	685
684	752
685	686
686	687
686	760
687	688
687	761
688	689
688	759
688	760
689	709
689	712
690	711
690	709
692	696
693	698
694	695
697	698
699	700
699	703
700	702
701	705
701	711
702	703
706	707
706	712
707	708
708	709
708	712
709	710
710	711
714	721
718	719
719	720
719	722
720	721
721	722
725	726
725	728
725	737
726	729
726	733
727	756
728	748
728	746
729	730
729	735
730	731
730	732
730	733
732	735
732	747
733	736
733	737
734	735
736	738
737	738
737	748
738	739
739	740
740	741
740	742
741	743
742	743
742	746
742	748
743	744
743	749
744	745
746	749
750	751
751	757
751	758
752	753
752	754
752	755
755	756
757	760
757	759
758	759
764	765
767	771
767	769
768	769
769	770
770	771
770	776
773	774
774	775
776	777
