13
13
13
13
13
13
13
13
13
13
13
13
13
13
13
13
13
13
13
13
13
13
9
9
9
9
9
9
9
9
9
9
9
9
9
9
9
9
9
9
9
9
9
9
9
9
9
9
9
9
9
9
8
8
8
8
8
8
8
8
8
8
8
8
8
8
8
8
8
8
8
8
8
8
8
8
10
10
10
10
10
10
10
10
10
10
10
8
8
8
8
8
8
8
8
8
8
8
10
10
10
12
12
12
12
12
12
12
12
12
12
12
12
10
10
10
10
10
10
10
10
10
10
10
10
0
0
0
0
0
0
0
0
0
0
0
0
0
0
0
0
0
0
0
0
0
0
0
0
0
0
0
0
0
0
0
0
0
0
0
0
0
0
0
0
10
10
10
0
0
0
0
0
0
0
0
0
0
0
0
12
12
12
12
12
12
12
0
12
12
12
12
12
12
0
0
0
0
0
0
0
0
0
0
0
1
1
1
1
1
1
1
1
1
1
1
1
1
1
1
1
1
1
1
1
1
1
1
1
1
1
1
1
1
1
5
5
6
6
6
6
5
1
1
1
1
5
5
5
5
5
5
5
5
5
5
5
5
5
5
11
6
6
6
11
6
6
6
6
6
6
6
6
6
6
6
6
6
6
1
1
1
1
1
6
6
6
6
6
6
1
5
5
5
5
5
5
5
5
5
5
11
11
5
5
5
5
5
5
5
5
5
5
5
14
14
14
14
14
14
14
14
14
1
1
1
1
1
1
1
1
1
5
5
5
5
6
6
1
1
1
1
1
1
6
6
6
6
6
6
6
6
6
6
6
6
6
6
6
1
6
6
6
6
6
6
6
11
11
11
11
11
11
11
11
11
11
11
11
11
11
11
11
11
11
11
5
11
11
11
5
11
6
6
5
5
11
5
5
5
5
5
5
5
5
5
14
14
14
14
14
14
1
1
1
1
1
1
1
1
14
3
3
3
3
3
3
3
3
3
3
3
3
3
3
3
3
3
3
3
3
3
3
3
3
3
3
3
3
3
3
3
3
3
3
3
2
3
3
3
2
3
3
3
3
3
3
3
3
3
3
3
7
7
7
7
7
7
4
4
4
4
4
4
4
4
4
4
4
4
7
4
7
4
7
7
7
4
4
4
4
4
4
4
2
2
2
2
2
2
2
2
2
2
2
2
2
2
2
2
2
4
4
2
4
4
4
4
4
4
4
4
2
2
2
4
4
4
4
4
4
4
4
4
4
4
4
4
4
4
4
4
4
4
3
2
2
2
2
3
3
3
3
3
2
2
2
2
2
2
2
2
2
2
2
2
2
2
2
2
2
2
2
2
2
2
2
2
2
2
2
2
2
2
2
2
3
3
3
7
7
7
7
7
7
7
7
7
7
7
7
3
7
2
2
2
2
4
3
7
7
7
7
2
3
3
3
4
4
4
7
7
7
7
7
7
7
7
4
4
4
4
4
4
4
4
11
6
6
