15
15
15
15
15
15
15
15
15
15
15
15
15
15
15
15
15
15
15
15
15
15
6
6
6
6
6
6
6
6
6
6
6
6
6
6
6
6
6
6
6
6
6
6
6
6
6
6
2
2
2
2
2
2
2
2
2
2
2
2
2
2
2
2
2
2
2
2
2
2
2
2
2
2
2
2
2
2
2
2
2
2
0
2
0
0
0
2
2
2
2
2
2
2
2
2
2
2
2
0
0
0
0
0
0
0
0
0
0
0
0
0
0
0
0
0
0
3
0
3
3
3
3
3
3
3
3
3
3
3
3
3
3
14
14
14
3
14
3
3
3
3
14
14
14
14
14
14
14
14
14
14
14
0
0
14
14
14
14
0
0
0
14
3
3
0
0
0
0
0
0
0
0
0
0
0
0
14
14
0
0
0
0
0
0
0
0
0
0
0
0
0
0
0
0
0
0
3
14
14
14
14
14
14
14
12
12
12
12
12
12
12
12
12
12
12
12
12
12
12
12
1
1
1
1
1
1
12
12
12
1
1
1
1
7
7
7
7
7
1
7
7
7
12
12
1
7
7
7
7
7
7
7
7
7
9
9
9
9
9
9
1
1
1
9
1
1
1
1
1
1
1
1
1
1
1
1
1
1
1
12
12
12
12
1
1
1
1
1
1
12
7
7
7
7
7
7
7
7
7
9
9
9
9
7
7
7
9
7
7
7
7
7
7
11
11
11
11
11
11
11
11
11
11
11
7
11
11
11
12
11
7
7
7
7
7
1
1
12
12
12
12
12
12
1
1
1
1
1
1
1
1
1
1
1
1
1
1
1
7
1
1
1
1
1
1
1
1
9
9
9
9
9
9
9
9
9
9
9
9
9
9
9
9
9
9
9
9
9
9
9
9
1
1
9
9
9
7
7
7
7
7
7
11
11
11
11
11
11
11
11
11
11
11
12
12
11
11
11
11
11
4
4
4
4
4
4
4
4
4
13
13
13
13
13
13
13
13
13
13
13
13
13
13
13
13
13
13
13
13
13
13
13
4
13
13
8
4
4
4
8
13
13
4
4
4
4
13
13
4
4
4
4
4
4
4
4
5
5
5
5
5
5
5
5
5
5
5
5
5
5
5
5
5
5
4
4
5
5
10
10
10
10
10
10
10
10
10
10
10
10
10
8
8
10
8
8
8
10
10
10
10
10
10
10
10
10
10
5
5
5
5
10
10
10
10
5
5
10
10
10
5
5
5
5
5
5
5
5
5
5
5
5
10
4
10
10
10
10
4
4
13
13
13
8
8
8
8
8
8
8
8
8
8
8
8
8
8
8
8
8
8
8
8
8
8
8
8
8
8
8
8
8
8
8
8
4
4
4
4
4
4
5
4
4
4
4
4
4
4
4
4
4
10
10
10
8
4
4
4
4
4
4
8
13
13
13
5
5
5
4
4
4
4
4
4
4
4
5
5
5
5
5
5
5
5
9
1
1
15
15
15
15
15
15
6
6
6
6
6
6
6
6
6
6
2
2
2
2
2
2
2
2
2
2
2
2
2
2
3
3
3
3
3
3
3
3
3
3
3
3
2
2
2
2
3
3
0
0
0
0
0
0
0
3
3
3
3
3
3
3
3
3
3
3
3
3
3
3
3
3
3
3
3
14
6
6
6
6
6
6
6
6
6
6
6
6
3
3
3
3
3
3
3
3
11
11
11
11
11
11
