0	1
0	3
1	2
1	5
2	3
2	4
2	7
3	9
4	5
4	6
4	757
5	761
6	7
6	8
6	754
7	9
7	12
8	12
8	13
8	650
9	10
10	11
10	12
11	649
11	651
12	649
13	14
13	649
13	751
14	15
14	759
14	752
15	16
15	17
15	751
16	764
16	755
16	18
17	18
17	759
17	831
18	19
18	782
19	20
19	764
19	766
20	21
20	782
20	781
21	22
21	780
21	24
22	23
22	26
22	779
23	24
23	25
23	776
24	832
24	782
25	26
25	27
25	29
26	734
26	33
27	28
27	772
27	776
28	29
28	34
28	31
29	30
29	33
30	31
30	32
30	43
31	35
31	42
32	33
32	45
32	736
33	733
34	35
34	772
34	660
35	36
35	659
36	37
36	38
36	42
37	39
37	40
38	39
38	659
38	664
39	773
40	41
40	42
41	43
41	44
42	43
43	45
44	45
44	46
45	47
46	47
46	48
46	726
47	725
47	736
48	49
48	55
48	51
49	50
49	700
50	51
50	701
50	83
51	52
51	78
52	53
52	55
52	693
53	54
53	692
53	56
54	57
54	58
54	70
55	56
56	57
57	665
58	59
58	61
58	692
59	60
59	67
59	70
60	61
60	63
60	65
61	62
61	72
62	63
62	73
62	691
63	64
63	71
64	65
64	669
64	670
65	66
65	67
66	669
66	68
67	68
67	668
68	69
69	667
69	668
70	668
70	665
71	672
71	670
71	691
72	73
72	75
72	692
73	74
73	88
74	75
74	76
74	87
75	77
75	693
76	77
76	80
76	81
77	78
77	79
78	83
78	693
79	80
79	85
79	83
80	86
80	98
81	82
81	87
81	98
82	165
82	166
82	90
83	84
84	85
84	191
84	701
85	112
85	86
86	99
86	101
87	88
87	90
88	89
88	691
89	90
89	91
89	92
90	694
91	93
91	96
91	694
92	93
92	691
92	672
93	94
93	95
94	97
94	672
94	677
95	96
95	97
95	690
96	723
96	695
97	678
97	689
98	99
98	166
99	100
99	113
100	101
100	167
100	116
101	102
101	112
102	103
102	190
102	167
103	104
103	112
103	192
104	105
104	106
104	190
105	107
105	182
105	189
106	107
106	192
106	193
107	108
107	183
108	109
108	193
108	184
109	110
109	703
110	111
110	184
111	185
112	191
113	114
113	116
113	166
114	115
114	117
114	118
115	116
115	195
115	696
116	196
117	164
117	696
117	119
118	119
118	165
118	166
119	120
119	121
120	129
120	164
120	122
121	122
121	165
121	695
122	123
122	738
123	124
123	695
123	723
124	125
124	737
124	738
125	126
125	127
125	704
126	717
126	705
126	737
127	128
127	738
127	739
128	129
128	130
128	741
129	131
129	738
130	131
130	197
130	740
131	132
131	164
132	133
132	163
132	197
133	134
133	149
133	162
134	135
134	148
134	197
135	136
135	137
135	198
136	138
136	197
136	740
137	138
137	144
137	142
138	139
138	141
139	140
139	743
139	740
140	141
140	742
141	142
142	143
143	144
143	204
144	145
144	198
145	146
145	199
145	204
146	147
146	198
146	203
147	148
147	150
147	158
148	198
148	149
149	150
149	152
150	151
150	157
151	152
151	153
151	155
152	159
152	162
153	154
153	159
153	174
154	170
154	171
154	160
155	156
155	157
155	174
156	176
156	177
157	158
157	177
158	203
158	178
159	160
159	161
160	169
160	195
161	162
161	195
161	696
162	163
163	164
163	696
165	694
167	168
167	196
168	169
168	194
168	190
169	170
169	196
170	172
170	194
171	172
171	174
171	175
172	173
172	187
173	175
173	179
174	176
175	176
176	205
177	178
178	724
179	180
179	187
180	181
180	188
181	182
181	186
182	183
182	188
183	184
183	186
184	185
185	186
187	188
187	194
188	189
189	190
189	194
191	192
191	697
192	698
193	698
193	703
195	196
199	200
199	201
199	203
200	202
200	724
201	202
201	204
203	724
205	206
205	416
205	414
206	207
206	210
207	208
207	209
208	341
208	211
209	210
209	211
209	343
210	414
210	290
211	212
211	342
212	213
212	219
212	343
213	214
213	216
213	229
214	215
214	282
214	343
215	244
215	283
215	290
216	217
216	219
216	228
217	218
217	220
217	280
218	219
218	281
218	338
219	342
220	221
220	227
220	228
221	222
221	226
221	224
222	223
222	227
223	224
223	284
224	225
224	286
225	226
225	278
225	231
226	230
226	228
227	280
228	229
229	230
229	282
230	231
230	279
231	232
231	287
232	233
232	279
232	288
233	234
233	245
233	289
234	235
234	237
234	242
235	236
235	246
235	291
236	237
236	335
236	247
237	238
237	289
238	239
238	240
238	335
239	273
239	289
239	358
240	241
240	357
240	358
241	253
241	257
241	335
242	243
242	245
242	291
243	244
243	283
243	359
244	245
244	282
245	279
246	247
246	292
246	332
247	248
247	254
248	249
248	292
248	293
249	250
249	252
249	254
250	251
250	253
250	255
251	252
251	394
251	397
252	293
252	401
253	254
253	256
254	335
255	256
255	390
255	394
256	257
256	258
257	357
257	259
258	259
258	390
258	391
259	260
259	265
260	261
260	391
260	264
261	262
261	263
261	265
262	355
262	266
262	365
263	264
263	355
263	367
264	646
264	368
265	266
265	357
266	267
266	362
267	268
267	357
267	358
268	269
268	270
268	362
269	271
269	273
269	358
270	271
270	363
270	360
271	272
271	275
272	273
272	274
272	287
273	288
274	277
274	278
274	275
275	276
275	360
276	277
276	336
276	337
277	285
277	286
278	286
278	287
279	282
280	281
281	339
283	328
283	329
284	285
284	286
285	337
287	288
288	289
290	329
290	343
291	332
291	359
292	333
292	402
293	294
293	402
294	295
294	310
294	401
295	296
295	306
295	309
296	297
296	308
296	399
297	298
297	306
297	304
298	299
298	421
298	399
299	300
299	304
300	301
300	303
301	302
301	381
302	303
302	379
302	385
303	304
303	307
304	305
305	306
305	307
305	397
306	401
307	385
307	386
308	309
308	398
308	313
309	310
309	312
310	311
310	402
311	312
311	334
311	404
312	313
312	405
313	314
313	400
314	315
314	406
314	405
315	316
315	409
315	407
316	317
316	319
316	408
317	318
317	745
317	747
318	319
318	321
318	748
319	320
319	409
320	321
320	322
320	410
321	420
321	749
322	323
322	411
322	420
323	324
323	326
323	419
324	325
324	411
324	330
325	333
325	331
325	403
326	327
326	330
326	412
327	328
327	329
327	413
328	330
328	359
329	414
330	331
331	332
331	359
332	333
333	334
334	403
334	402
336	344
336	347
336	360
337	344
338	339
338	340
338	342
339	415
340	341
340	415
341	342
344	345
345	346
345	347
346	393
347	348
347	361
348	349
348	392
349	350
349	393
349	647
350	351
350	392
350	353
351	352
351	647
352	353
352	366
353	354
353	364
354	355
354	365
354	366
355	356
356	366
356	367
360	361
361	363
361	392
362	363
362	365
363	364
364	365
364	392
367	368
368	369
369	370
369	646
370	371
370	372
371	375
371	373
372	373
372	389
372	646
373	374
373	388
374	375
374	377
374	387
375	376
376	377
376	384
377	378
377	380
378	379
378	382
378	384
379	380
379	381
380	385
380	387
381	382
382	383
383	384
385	396
386	394
386	396
386	397
387	388
387	396
388	389
388	395
389	390
389	391
390	395
391	646
394	395
395	396
397	401
398	399
398	400
400	406
403	404
403	411
404	405
404	410
405	409
406	407
407	408
408	745
409	410
410	411
412	413
412	419
412	417
413	414
413	416
416	417
417	418
418	419
418	750
419	420
420	750
421	422
421	423
421	429
422	426
422	424
422	597
423	424
423	430
424	425
424	431
425	426
425	427
425	432
426	428
426	470
427	428
427	453
427	467
428	469
428	459
429	597
429	618
430	431
430	468
431	432
431	434
432	433
432	467
433	434
433	435
433	447
434	448
434	468
435	436
435	467
435	446
436	437
436	439
436	452
437	438
437	451
437	455
438	439
438	441
438	461
439	440
439	446
440	441
440	442
440	563
441	562
441	462
442	443
442	445
442	446
443	444
443	563
444	445
444	450
445	447
445	449
446	447
447	448
448	449
448	626
449	450
449	624
450	625
451	452
451	454
451	457
452	453
452	467
453	457
453	459
454	455
454	456
454	463
455	460
455	461
456	613
456	595
456	460
457	458
457	463
458	466
458	464
458	459
459	559
460	564
460	566
461	462
461	564
462	561
462	565
463	464
463	613
464	465
464	558
465	466
465	554
465	555
466	611
466	559
468	626
469	470
469	559
469	560
470	471
470	597
471	472
471	560
471	596
472	473
472	599
472	637
473	474
473	560
473	600
474	475
474	599
474	610
475	476
475	600
475	602
476	477
476	603
476	610
477	478
477	490
477	602
478	479
478	489
478	497
479	480
479	498
479	545
480	481
480	487
480	489
481	482
481	545
481	486
482	483
482	543
482	551
483	484
483	486
483	546
484	485
484	629
484	853
485	486
485	493
486	487
487	488
487	493
488	489
488	491
488	494
489	490
490	494
490	603
491	492
491	493
492	494
492	496
494	495
495	496
495	603
495	605
496	632
497	498
497	617
497	602
498	499
498	552
499	500
499	502
499	617
500	501
500	553
500	552
501	502
501	503
501	556
502	554
502	555
503	504
503	539
503	553
504	505
504	556
504	511
505	506
505	557
505	615
506	507
506	511
506	509
507	508
507	594
507	615
508	509
508	512
508	514
509	510
509	534
510	511
510	523
510	535
511	539
512	513
512	594
512	592
513	514
513	515
513	616
514	534
514	518
515	516
515	518
515	591
516	517
516	589
517	518
517	533
518	519
519	520
519	533
519	534
520	521
520	523
520	532
521	522
521	524
521	526
522	523
522	535
522	527
523	534
524	525
524	532
525	526
525	528
526	527
526	642
527	536
527	538
528	529
528	642
529	530
529	531
530	641
530	537
530	642
531	641
531	643
532	533
535	538
535	539
536	537
536	642
536	627
537	628
537	639
538	627
538	540
539	540
540	541
540	553
541	542
541	544
541	627
542	543
542	628
542	551
543	544
543	545
544	552
544	553
545	552
546	547
546	551
546	629
547	548
547	550
547	638
548	549
548	639
548	640
549	550
549	644
550	629
551	638
554	611
554	617
555	556
555	558
556	557
557	558
557	614
558	613
559	598
560	598
561	562
561	623
562	563
564	565
564	567
565	572
565	623
566	567
566	595
566	579
567	568
567	572
568	569
568	577
568	579
569	570
569	572
569	574
570	571
570	573
571	572
571	623
573	574
573	582
574	575
574	577
575	576
575	580
575	582
576	577
576	581
576	592
577	578
578	579
578	594
578	592
579	593
580	581
580	583
580	586
581	590
581	616
582	583
583	584
584	585
584	586
585	587
586	590
586	587
587	588
588	589
588	590
589	591
590	591
591	616
592	616
593	594
593	595
593	615
595	614
596	597
596	637
596	618
598	611
598	600
599	609
599	622
600	601
601	602
601	611
601	617
603	604
604	605
604	610
604	608
605	606
605	632
606	607
606	608
606	636
607	632
607	633
608	609
608	630
609	612
609	610
612	621
612	622
612	630
613	614
614	615
618	619
619	620
619	637
620	621
620	622
621	631
622	637
624	625
624	626
627	628
628	638
630	631
630	636
631	635
633	634
633	636
634	635
635	636
638	639
639	641
640	641
640	643
640	644
643	645
644	645
647	648
649	752
650	756
650	751
650	754
651	652
651	752
652	653
652	753
653	654
653	774
654	655
654	662
655	656
655	661
656	657
656	663
657	658
657	660
658	659
658	664
659	660
660	663
661	662
661	663
661	775
662	774
662	830
663	772
664	773
665	666
666	667
666	668
669	673
670	671
670	673
671	672
671	677
671	674
673	674
674	675
675	676
675	677
676	678
676	680
677	678
678	679
679	680
679	681
679	689
680	687
681	682
681	685
681	687
682	683
682	684
682	689
683	717
683	737
683	690
684	714
684	717
684	685
685	686
685	715
686	687
686	688
688	715
688	718
689	690
690	723
692	693
694	695
697	698
697	699
697	701
698	702
699	700
699	702
700	701
702	703
704	705
704	739
704	707
705	706
705	721
706	707
706	710
706	722
707	708
707	744
708	709
708	710
709	742
709	744
710	711
711	712
711	722
712	713
712	719
713	714
713	716
713	722
714	715
714	721
715	716
716	719
716	718
717	721
718	720
719	720
721	722
723	737
725	726
725	729
725	735
726	727
727	728
727	729
728	777
728	778
729	730
729	778
730	731
730	735
730	841
731	732
731	833
731	836
732	733
732	735
732	771
733	734
733	736
734	771
734	779
735	736
739	741
739	744
740	741
741	743
742	743
743	744
745	746
746	747
747	748
748	749
749	750
751	755
752	753
753	759
753	774
754	758
754	757
755	756
755	763
756	758
756	762
757	760
757	761
758	786
758	760
759	783
760	787
760	819
761	787
762	763
762	784
762	786
763	764
763	820
764	765
765	766
765	820
765	825
766	767
766	781
767	768
767	828
767	825
768	769
768	781
768	821
769	770
769	780
769	822
770	771
770	779
770	829
771	833
772	775
774	783
775	830
775	776
776	832
777	897
777	898
778	841
778	898
779	780
780	781
782	831
783	830
783	831
784	785
784	809
784	820
785	786
785	818
785	792
786	819
787	788
788	789
788	819
789	790
789	818
790	791
790	869
791	792
791	798
791	818
792	793
792	809
793	794
793	796
793	798
794	795
794	809
794	810
795	807
795	808
795	826
796	797
796	799
796	810
797	800
797	802
797	803
798	799
798	869
799	800
799	870
800	801
800	868
801	802
801	866
801	867
802	860
802	804
803	804
803	810
803	806
804	805
804	813
805	806
805	811
805	814
806	807
806	817
807	827
807	810
808	809
808	820
808	825
811	812
811	815
811	817
812	814
812	816
812	852
813	814
813	858
813	860
814	855
815	816
815	872
815	878
816	848
816	849
817	872
817	827
818	819
821	822
821	823
821	828
822	829
822	877
823	824
823	877
823	873
824	878
824	876
824	872
825	826
826	827
826	828
827	873
828	873
829	833
829	834
830	832
831	832
833	835
834	835
834	843
834	877
835	836
835	842
836	837
836	841
837	838
837	842
837	840
838	839
838	879
838	883
839	840
839	884
839	899
840	841
840	898
842	843
842	879
843	844
843	876
844	845
844	846
844	879
845	847
845	876
845	878
846	847
846	880
846	881
847	848
847	874
848	851
848	878
849	850
849	851
849	852
850	853
850	871
851	871
851	874
852	853
852	855
853	854
854	855
854	856
855	858
856	857
856	858
857	862
857	859
858	859
859	860
859	861
860	866
861	862
861	864
861	866
862	863
863	864
864	865
865	866
865	867
867	868
868	870
869	870
871	875
872	873
874	875
874	881
875	882
876	877
879	880
880	883
880	894
881	882
881	894
882	893
883	884
883	895
884	885
884	896
885	886
885	888
885	899
886	887
886	896
886	890
887	888
887	889
888	897
889	890
890	891
891	892
891	896
892	893
892	895
893	894
894	895
895	896
897	899
898	899
