0	1
0	15
1	2
1	3
2	4
2	11
3	4
3	6
3	15
4	5
4	14
5	6
5	10
5	13
6	7
6	9
7	8
7	10
8	9
9	15
10	12
10	16
11	14
12	13
13	14
14	93
16	17
16	24
16	27
17	18
17	23
18	19
18	24
18	22
19	20
19	23
20	21
20	22
21	38
22	25
22	38
24	25
24	26
25	28
25	39
26	27
26	39
28	29
28	38
28	197
29	30
29	31
29	33
30	37
31	32
31	36
31	37
32	33
32	34
32	35
33	169
34	165
34	169
35	36
35	165
35	167
36	164
36	168
37	164
39	40
39	197
40	41
40	192
40	193
41	42
41	104
41	105
42	43
42	55
42	59
43	44
43	105
43	57
44	45
44	54
44	49
45	46
45	48
45	53
46	47
46	50
46	107
47	108
47	109
47	111
48	49
48	157
48	107
50	51
50	53
50	109
51	52
51	164
51	110
52	53
52	106
53	54
54	106
55	56
55	57
56	58
56	59
56	87
58	60
58	65
58	62
59	86
59	104
60	61
61	62
61	229
62	63
62	64
63	72
63	229
63	70
64	65
64	70
64	67
65	66
66	67
67	68
68	69
68	70
68	161
69	71
70	71
71	72
72	73
72	74
73	229
74	75
74	81
74	77
75	76
76	77
76	231
77	78
77	82
78	79
78	81
78	83
79	80
79	240
80	81
82	83
82	85
82	231
83	84
83	240
84	85
84	241
85	242
86	87
86	88
86	190
88	89
88	101
88	96
89	90
89	99
89	102
90	91
90	94
90	96
91	92
91	93
91	99
92	97
92	98
93	94
93	98
94	95
95	96
97	103
97	99
99	100
100	103
100	102
100	198
101	102
104	190
104	193
105	192
107	108
109	110
111	112
111	123
111	194
112	113
113	114
113	123
113	127
114	115
114	128
114	137
115	116
115	117
115	136
116	128
116	119
116	159
117	118
117	119
117	120
118	129
118	121
118	138
119	138
119	140
120	121
120	122
120	136
122	152
122	153
122	154
123	124
123	187
124	125
124	186
124	127
125	126
125	188
126	127
128	160
129	130
129	135
129	133
130	131
131	132
131	133
132	141
132	247
132	253
133	134
133	247
134	135
135	248
136	137
138	139
139	140
140	159
141	142
141	245
141	246
142	143
142	148
142	234
143	144
143	235
143	233
144	145
144	148
144	232
145	146
145	149
145	237
146	147
146	148
147	245
148	245
149	150
149	158
149	239
150	151
150	152
150	161
151	155
151	157
151	163
152	155
152	158
153	155
153	238
154	158
155	156
156	157
156	238
157	162
159	160
161	163
161	239
162	163
164	195
165	166
166	167
167	168
168	170
168	195
170	171
170	174
170	184
171	172
172	173
172	184
173	183
173	185
173	196
174	175
174	177
175	176
176	177
176	179
177	178
177	184
178	179
178	183
178	181
179	180
180	181
181	182
182	183
182	196
183	184
185	186
185	244
185	189
186	188
186	187
187	194
187	244
188	189
190	191
191	193
194	243
198	199
198	200
198	202
199	203
200	201
200	212
201	228
202	203
202	204
202	212
203	213
204	205
204	213
204	207
205	206
205	209
205	212
206	207
206	211
207	208
207	210
208	213
209	211
209	228
209	229
210	214
210	215
210	222
212	228
214	223
214	225
215	216
216	217
216	222
217	218
217	224
218	219
218	221
218	222
219	220
219	224
220	221
220	227
221	223
221	226
222	223
223	230
225	230
226	227
226	230
226	231
231	242
232	233
232	237
233	236
233	240
234	235
234	246
235	236
240	241
243	244
247	251
248	249
249	250
250	251
250	252
251	255
253	254
254	255
