0	1
0	3
1	0
1	2
1	5
2	1
2	3
2	4
2	7
3	0
3	2
3	9
4	2
4	5
4	6
4	757
5	1
5	4
5	761
6	4
6	7
6	8
6	754
7	2
7	6
7	9
7	12
8	6
8	12
8	13
8	650
9	3
9	7
9	10
10	9
10	11
10	12
11	10
11	649
11	651
12	7
12	8
12	10
12	649
13	8
13	14
13	649
13	751
14	13
14	15
14	752
14	759
15	14
15	16
15	17
15	751
16	15
16	18
16	755
16	764
17	15
17	18
17	759
17	831
18	16
18	17
18	19
18	782
19	18
19	20
19	764
19	766
20	19
20	21
20	781
20	782
21	20
21	22
21	24
21	780
22	21
22	23
22	26
22	779
23	22
23	24
23	25
23	776
24	21
24	23
24	782
24	832
25	23
25	26
25	27
25	29
26	22
26	25
26	33
26	734
27	25
27	28
27	772
27	776
28	27
28	29
28	31
28	34
29	25
29	28
29	30
29	33
30	29
30	31
30	32
30	43
31	28
31	30
31	35
31	42
32	30
32	33
32	45
32	736
33	26
33	29
33	32
33	733
34	28
34	35
34	660
34	772
35	31
35	34
35	36
35	659
36	35
36	37
36	38
36	42
37	36
37	39
37	40
38	36
38	39
38	659
38	664
39	37
39	38
39	773
40	37
40	41
40	42
41	40
41	43
41	44
42	31
42	36
42	40
42	43
43	30
43	41
43	42
43	45
44	41
44	45
44	46
45	32
45	43
45	44
45	47
46	44
46	47
46	48
46	726
47	45
47	46
47	725
47	736
48	46
48	49
48	51
48	55
49	48
49	50
49	700
50	49
50	51
50	83
50	701
51	48
51	50
51	52
51	78
52	51
52	53
52	55
52	693
53	52
53	54
53	56
53	692
54	53
54	57
54	58
54	70
55	48
55	52
55	56
56	53
56	55
56	57
57	54
57	56
57	665
58	54
58	59
58	61
58	692
59	58
59	60
59	67
59	70
60	59
60	61
60	63
60	65
61	58
61	60
61	62
61	72
62	61
62	63
62	73
62	691
63	60
63	62
63	64
63	71
64	63
64	65
64	669
64	670
65	60
65	64
65	66
65	67
66	65
66	68
66	669
67	59
67	65
67	68
67	668
68	66
68	67
68	69
69	68
69	667
69	668
70	54
70	59
70	665
70	668
71	63
71	670
71	672
71	691
72	61
72	73
72	75
72	692
73	62
73	72
73	74
73	88
74	73
74	75
74	76
74	87
75	72
75	74
75	77
75	693
76	74
76	77
76	80
76	81
77	75
77	76
77	78
77	79
78	51
78	77
78	83
78	693
79	77
79	80
79	83
79	85
80	76
80	79
80	86
80	98
81	76
81	82
81	87
81	98
82	81
82	90
82	165
82	166
83	50
83	78
83	79
83	84
84	83
84	85
84	191
84	701
85	79
85	84
85	86
85	112
86	80
86	85
86	99
86	101
87	74
87	81
87	88
87	90
88	73
88	87
88	89
88	691
89	88
89	90
89	91
89	92
90	82
90	87
90	89
90	694
91	89
91	93
91	96
91	694
92	89
92	93
92	672
92	691
93	91
93	92
93	94
93	95
94	93
94	97
94	672
94	677
95	93
95	96
95	97
95	690
96	91
96	95
96	695
96	723
97	94
97	95
97	678
97	689
98	80
98	81
98	99
98	166
99	86
99	98
99	100
99	113
100	99
100	101
100	116
100	167
101	86
101	100
101	102
101	112
102	101
102	103
102	167
102	190
103	102
103	104
103	112
103	192
104	103
104	105
104	106
104	190
105	104
105	107
105	182
105	189
106	104
106	107
106	192
106	193
107	105
107	106
107	108
107	183
108	107
108	109
108	184
108	193
109	108
109	110
109	703
110	109
110	111
110	184
111	110
111	185
112	85
112	101
112	103
112	191
113	99
113	114
113	116
113	166
114	113
114	115
114	117
114	118
115	114
115	116
115	195
115	696
116	100
116	113
116	115
116	196
117	114
117	119
117	164
117	696
118	114
118	119
118	165
118	166
119	117
119	118
119	120
119	121
120	119
120	122
120	129
120	164
121	119
121	122
121	165
121	695
122	120
122	121
122	123
122	738
123	122
123	124
123	695
123	723
124	123
124	125
124	737
124	738
125	124
125	126
125	127
125	704
126	125
126	705
126	717
126	737
127	125
127	128
127	738
127	739
128	127
128	129
128	130
128	741
129	120
129	128
129	131
129	738
130	128
130	131
130	197
130	740
131	129
131	130
131	132
131	164
132	131
132	133
132	163
132	197
133	132
133	134
133	149
133	162
134	133
134	135
134	148
134	197
135	134
135	136
135	137
135	198
136	135
136	138
136	197
136	740
137	135
137	138
137	142
137	144
138	136
138	137
138	139
138	141
139	138
139	140
139	740
139	743
140	139
140	141
140	742
141	138
141	140
141	142
142	137
142	141
142	143
143	142
143	144
143	204
144	137
144	143
144	145
144	198
145	144
145	146
145	199
145	204
146	145
146	147
146	198
146	203
147	146
147	148
147	150
147	158
148	134
148	147
148	149
148	198
149	133
149	148
149	150
149	152
150	147
150	149
150	151
150	157
151	150
151	152
151	153
151	155
152	149
152	151
152	159
152	162
153	151
153	154
153	159
153	174
154	153
154	160
154	170
154	171
155	151
155	156
155	157
155	174
156	155
156	176
156	177
157	150
157	155
157	158
157	177
158	147
158	157
158	178
158	203
159	152
159	153
159	160
159	161
160	154
160	159
160	169
160	195
161	159
161	162
161	195
161	696
162	133
162	152
162	161
162	163
163	132
163	162
163	164
163	696
164	117
164	120
164	131
164	163
165	82
165	118
165	121
165	694
166	82
166	98
166	113
166	118
167	100
167	102
167	168
167	196
168	167
168	169
168	190
168	194
169	160
169	168
169	170
169	196
170	154
170	169
170	172
170	194
171	154
171	172
171	174
171	175
172	170
172	171
172	173
172	187
173	172
173	175
173	179
174	153
174	155
174	171
174	176
175	171
175	173
175	176
176	156
176	174
176	175
176	205
177	156
177	157
177	178
178	158
178	177
178	724
179	173
179	180
179	187
180	179
180	181
180	188
181	180
181	182
181	186
182	105
182	181
182	183
182	188
183	107
183	182
183	184
183	186
184	108
184	110
184	183
184	185
185	111
185	184
185	186
186	181
186	183
186	185
187	172
187	179
187	188
187	194
188	180
188	182
188	187
188	189
189	105
189	188
189	190
189	194
190	102
190	104
190	168
190	189
191	84
191	112
191	192
191	697
192	103
192	106
192	191
192	698
193	106
193	108
193	698
193	703
194	168
194	170
194	187
194	189
195	115
195	160
195	161
195	196
196	116
196	167
196	169
196	195
197	130
197	132
197	134
197	136
198	135
198	144
198	146
198	148
199	145
199	200
199	201
199	203
200	199
200	202
200	724
201	199
201	202
201	204
202	200
202	201
203	146
203	158
203	199
203	724
204	143
204	145
204	201
205	176
205	206
205	414
205	416
206	205
206	207
206	210
207	206
207	208
207	209
208	207
208	211
208	341
209	207
209	210
209	211
209	343
210	206
210	209
210	290
210	414
211	208
211	209
211	212
211	342
212	211
212	213
212	219
212	343
213	212
213	214
213	216
213	229
214	213
214	215
214	282
214	343
215	214
215	244
215	283
215	290
216	213
216	217
216	219
216	228
217	216
217	218
217	220
217	280
218	217
218	219
218	281
218	338
219	212
219	216
219	218
219	342
220	217
220	221
220	227
220	228
221	220
221	222
221	224
221	226
222	221
222	223
222	227
223	222
223	224
223	284
224	221
224	223
224	225
224	286
225	224
225	226
225	231
225	278
226	221
226	225
226	228
226	230
227	220
227	222
227	280
228	216
228	220
228	226
228	229
229	213
229	228
229	230
229	282
230	226
230	229
230	231
230	279
231	225
231	230
231	232
231	287
232	231
232	233
232	279
232	288
233	232
233	234
233	245
233	289
234	233
234	235
234	237
234	242
235	234
235	236
235	246
235	291
236	235
236	237
236	247
236	335
237	234
237	236
237	238
237	289
238	237
238	239
238	240
238	335
239	238
239	273
239	289
239	358
240	238
240	241
240	357
240	358
241	240
241	253
241	257
241	335
242	234
242	243
242	245
242	291
243	242
243	244
243	283
243	359
244	215
244	243
244	245
244	282
245	233
245	242
245	244
245	279
246	235
246	247
246	292
246	332
247	236
247	246
247	248
247	254
248	247
248	249
248	292
248	293
249	248
249	250
249	252
249	254
250	249
250	251
250	253
250	255
251	250
251	252
251	394
251	397
252	249
252	251
252	293
252	401
253	241
253	250
253	254
253	256
254	247
254	249
254	253
254	335
255	250
255	256
255	390
255	394
256	253
256	255
256	257
256	258
257	241
257	256
257	259
257	357
258	256
258	259
258	390
258	391
259	257
259	258
259	260
259	265
260	259
260	261
260	264
260	391
261	260
261	262
261	263
261	265
262	261
262	266
262	355
262	365
263	261
263	264
263	355
263	367
264	260
264	263
264	368
264	646
265	259
265	261
265	266
265	357
266	262
266	265
266	267
266	362
267	266
267	268
267	357
267	358
268	267
268	269
268	270
268	362
269	268
269	271
269	273
269	358
270	268
270	271
270	360
270	363
271	269
271	270
271	272
271	275
272	271
272	273
272	274
272	287
273	239
273	269
273	272
273	288
274	272
274	275
274	277
274	278
275	271
275	274
275	276
275	360
276	275
276	277
276	336
276	337
277	274
277	276
277	285
277	286
278	225
278	274
278	286
278	287
279	230
279	232
279	245
279	282
280	217
280	227
280	281
281	218
281	280
281	339
282	214
282	229
282	244
282	279
283	215
283	243
283	328
283	329
284	223
284	285
284	286
285	277
285	284
285	337
286	224
286	277
286	278
286	284
287	231
287	272
287	278
287	288
288	232
288	273
288	287
288	289
289	233
289	237
289	239
289	288
290	210
290	215
290	329
290	343
291	235
291	242
291	332
291	359
292	246
292	248
292	333
292	402
293	248
293	252
293	294
293	402
294	293
294	295
294	310
294	401
295	294
295	296
295	306
295	309
296	295
296	297
296	308
296	399
297	296
297	298
297	304
297	306
298	297
298	299
298	399
298	421
299	298
299	300
299	304
300	299
300	301
300	303
301	300
301	302
301	381
302	301
302	303
302	379
302	385
303	300
303	302
303	304
303	307
304	297
304	299
304	303
304	305
305	304
305	306
305	307
305	397
306	295
306	297
306	305
306	401
307	303
307	305
307	385
307	386
308	296
308	309
308	313
308	398
309	295
309	308
309	310
309	312
310	294
310	309
310	311
310	402
311	310
311	312
311	334
311	404
312	309
312	311
312	313
312	405
313	308
313	312
313	314
313	400
314	313
314	315
314	405
314	406
315	314
315	316
315	407
315	409
316	315
316	317
316	319
316	408
317	316
317	318
317	745
317	747
318	317
318	319
318	321
318	748
319	316
319	318
319	320
319	409
320	319
320	321
320	322
320	410
321	318
321	320
321	420
321	749
322	320
322	323
322	411
322	420
323	322
323	324
323	326
323	419
324	323
324	325
324	330
324	411
325	324
325	331
325	333
325	403
326	323
326	327
326	330
326	412
327	326
327	328
327	329
327	413
328	283
328	327
328	330
328	359
329	283
329	290
329	327
329	414
330	324
330	326
330	328
330	331
331	325
331	330
331	332
331	359
332	246
332	291
332	331
332	333
333	292
333	325
333	332
333	334
334	311
334	333
334	402
334	403
335	236
335	238
335	241
335	254
336	276
336	344
336	347
336	360
337	276
337	285
337	344
338	218
338	339
338	340
338	342
339	281
339	338
339	415
340	338
340	341
340	415
341	208
341	340
341	342
342	211
342	219
342	338
342	341
343	209
343	212
343	214
343	290
344	336
344	337
344	345
345	344
345	346
345	347
346	345
346	393
347	336
347	345
347	348
347	361
348	347
348	349
348	392
349	348
349	350
349	393
349	647
350	349
350	351
350	353
350	392
351	350
351	352
351	647
352	351
352	353
352	366
353	350
353	352
353	354
353	364
354	353
354	355
354	365
354	366
355	262
355	263
355	354
355	356
356	355
356	366
356	367
357	240
357	257
357	265
357	267
358	239
358	240
358	267
358	269
359	243
359	291
359	328
359	331
360	270
360	275
360	336
360	361
361	347
361	360
361	363
361	392
362	266
362	268
362	363
362	365
363	270
363	361
363	362
363	364
364	353
364	363
364	365
364	392
365	262
365	354
365	362
365	364
366	352
366	354
366	356
367	263
367	356
367	368
368	264
368	367
368	369
369	368
369	370
369	646
370	369
370	371
370	372
371	370
371	373
371	375
372	370
372	373
372	389
372	646
373	371
373	372
373	374
373	388
374	373
374	375
374	377
374	387
375	371
375	374
375	376
376	375
376	377
376	384
377	374
377	376
377	378
377	380
378	377
378	379
378	382
378	384
379	302
379	378
379	380
379	381
380	377
380	379
380	385
380	387
381	301
381	379
381	382
382	378
382	381
382	383
383	382
383	384
384	376
384	378
384	383
385	302
385	307
385	380
385	396
386	307
386	394
386	396
386	397
387	374
387	380
387	388
387	396
388	373
388	387
388	389
388	395
389	372
389	388
389	390
389	391
390	255
390	258
390	389
390	395
391	258
391	260
391	389
391	646
392	348
392	350
392	361
392	364
393	346
393	349
394	251
394	255
394	386
394	395
395	388
395	390
395	394
395	396
396	385
396	386
396	387
396	395
397	251
397	305
397	386
397	401
398	308
398	399
398	400
399	296
399	298
399	398
400	313
400	398
401	252
401	294
401	306
401	397
402	292
402	293
402	310
402	334
403	325
403	334
403	404
403	411
404	311
404	403
404	405
404	410
405	312
405	314
405	404
406	314
406	407
407	315
407	406
407	408
408	316
408	407
408	745
409	315
409	319
409	410
410	320
410	404
410	409
410	411
411	322
411	324
411	403
411	410
412	326
412	413
412	419
413	327
413	412
413	414
413	416
414	205
414	210
414	329
414	413
415	339
415	340
416	205
416	413
416	417
417	416
417	418
418	417
418	419
418	750
419	323
419	412
419	418
419	420
420	321
420	322
420	419
420	750
421	298
421	422
421	423
421	429
422	421
422	424
422	426
422	597
423	421
423	424
423	430
424	422
424	423
424	425
424	431
425	424
425	426
425	427
425	432
426	422
426	425
426	428
426	470
427	425
427	428
427	453
427	467
428	426
428	427
428	459
428	469
429	421
429	597
429	618
430	423
430	431
430	468
431	424
431	430
431	432
431	434
432	425
432	431
432	433
432	467
433	432
433	434
433	435
433	447
434	431
434	433
434	448
434	468
435	433
435	436
435	446
435	467
436	435
436	437
436	439
436	452
437	436
437	438
437	451
437	455
438	437
438	439
438	441
438	461
439	436
439	438
439	440
439	446
440	439
440	441
440	442
440	563
441	438
441	440
441	462
441	562
442	440
442	443
442	445
442	446
443	442
443	444
443	563
444	443
444	445
444	450
445	442
445	444
445	447
445	449
446	435
446	439
446	442
446	447
447	433
447	445
447	446
447	448
448	434
448	447
448	449
448	626
449	445
449	448
449	450
449	624
450	444
450	449
450	625
451	437
451	452
451	454
451	457
452	436
452	451
452	453
452	467
453	427
453	452
453	457
453	459
454	451
454	455
454	456
454	463
455	437
455	454
455	460
455	461
456	454
456	460
456	595
456	613
457	451
457	453
457	458
457	463
458	457
458	459
458	464
458	466
459	428
459	453
459	458
459	559
460	455
460	456
460	564
460	566
461	438
461	455
461	462
461	564
462	441
462	461
462	561
462	565
463	454
463	457
463	464
463	613
464	458
464	463
464	465
464	558
465	464
465	466
465	554
465	555
466	458
466	465
466	559
466	611
467	427
467	432
467	435
467	452
468	430
468	434
468	626
469	428
469	470
469	559
469	560
470	426
470	469
470	471
470	597
471	470
471	472
471	560
471	596
472	471
472	473
472	599
472	637
473	472
473	474
473	560
473	600
474	473
474	475
474	599
474	610
475	474
475	476
475	600
475	602
476	475
476	477
476	603
476	610
477	476
477	478
477	490
477	602
478	477
478	479
478	489
478	497
479	478
479	480
479	498
479	545
480	479
480	481
480	487
480	489
481	480
481	482
481	486
481	545
482	481
482	483
482	543
482	551
483	482
483	484
483	486
483	546
484	483
484	485
484	629
484	853
485	484
485	486
485	493
486	481
486	483
486	485
486	487
487	480
487	486
487	488
487	493
488	487
488	489
488	491
488	494
489	478
489	480
489	488
489	490
490	477
490	489
490	494
490	603
491	488
491	492
491	493
492	491
492	494
492	496
493	485
493	487
493	491
494	488
494	490
494	492
494	495
495	494
495	496
495	603
495	605
496	492
496	495
496	632
497	478
497	498
497	602
497	617
498	479
498	497
498	499
498	552
499	498
499	500
499	502
499	617
500	499
500	501
500	552
500	553
501	500
501	502
501	503
501	556
502	499
502	501
502	554
502	555
503	501
503	504
503	539
503	553
504	503
504	505
504	511
504	556
505	504
505	506
505	557
505	615
506	505
506	507
506	509
506	511
507	506
507	508
507	594
507	615
508	507
508	509
508	512
508	514
509	506
509	508
509	510
509	534
510	509
510	511
510	523
510	535
511	504
511	506
511	510
511	539
512	508
512	513
512	592
512	594
513	512
513	514
513	515
513	616
514	508
514	513
514	518
514	534
515	513
515	516
515	518
515	591
516	515
516	517
516	589
517	516
517	518
517	533
518	514
518	515
518	517
518	519
519	518
519	520
519	533
519	534
520	519
520	521
520	523
520	532
521	520
521	522
521	524
521	526
522	521
522	523
522	527
522	535
523	510
523	520
523	522
523	534
524	521
524	525
524	532
525	524
525	526
525	528
526	521
526	525
526	527
526	642
527	522
527	526
527	536
527	538
528	525
528	529
528	642
529	528
529	530
529	531
530	529
530	537
530	641
530	642
531	529
531	641
531	643
532	520
532	524
532	533
533	517
533	519
533	532
534	509
534	514
534	519
534	523
535	510
535	522
535	538
535	539
536	527
536	537
536	627
536	642
537	530
537	536
537	628
537	639
538	527
538	535
538	540
538	627
539	503
539	511
539	535
539	540
540	538
540	539
540	541
540	553
541	540
541	542
541	544
541	627
542	541
542	543
542	551
542	628
543	482
543	542
543	544
543	545
544	541
544	543
544	552
544	553
545	479
545	481
545	543
545	552
546	483
546	547
546	551
546	629
547	546
547	548
547	550
547	638
548	547
548	549
548	639
548	640
549	548
549	550
549	644
550	547
550	549
550	629
551	482
551	542
551	546
551	638
552	498
552	500
552	544
552	545
553	500
553	503
553	540
553	544
554	465
554	502
554	611
554	617
555	465
555	502
555	556
555	558
556	501
556	504
556	555
556	557
557	505
557	556
557	558
557	614
558	464
558	555
558	557
558	613
559	459
559	466
559	469
559	598
560	469
560	471
560	473
560	598
561	462
561	562
561	623
562	441
562	561
562	563
563	440
563	443
563	562
564	460
564	461
564	565
564	567
565	462
565	564
565	572
565	623
566	460
566	567
566	579
566	595
567	564
567	566
567	568
567	572
568	567
568	569
568	577
568	579
569	568
569	570
569	572
569	574
570	569
570	571
570	573
571	570
571	572
571	623
572	565
572	567
572	569
572	571
573	570
573	574
573	582
574	569
574	573
574	575
574	577
575	574
575	576
575	580
575	582
576	575
576	577
576	581
576	592
577	568
577	574
577	576
577	578
578	577
578	579
578	592
578	594
579	566
579	568
579	578
579	593
580	575
580	581
580	583
580	586
581	576
581	580
581	590
581	616
582	573
582	575
582	583
583	580
583	582
583	584
584	583
584	585
584	586
585	584
585	587
586	580
586	584
586	587
586	590
587	585
587	586
587	588
588	587
588	589
588	590
589	516
589	588
589	591
590	581
590	586
590	588
590	591
591	515
591	589
591	590
591	616
592	512
592	576
592	578
592	616
593	579
593	594
593	595
593	615
594	507
594	512
594	578
594	593
595	456
595	566
595	593
595	614
596	471
596	597
596	618
596	637
597	422
597	429
597	470
597	596
598	559
598	560
598	600
598	611
599	472
599	474
599	609
599	622
600	473
600	475
600	598
600	601
601	600
601	602
601	611
601	617
602	475
602	477
602	497
602	601
603	476
603	490
603	495
603	604
604	603
604	605
604	608
604	610
605	495
605	604
605	606
605	632
606	605
606	607
606	608
606	636
607	606
607	632
607	633
608	604
608	606
608	609
608	630
609	599
609	608
609	610
609	612
610	474
610	476
610	604
610	609
611	466
611	554
611	598
611	601
612	609
612	621
612	622
612	630
613	456
613	463
613	558
613	614
614	557
614	595
614	613
614	615
615	505
615	507
615	593
615	614
616	513
616	581
616	591
616	592
617	497
617	499
617	554
617	601
618	429
618	596
618	619
619	618
619	620
619	637
620	619
620	621
620	622
621	612
621	620
621	631
622	599
622	612
622	620
622	637
623	561
623	565
623	571
624	449
624	625
624	626
625	450
625	624
626	448
626	468
626	624
627	536
627	538
627	541
627	628
628	537
628	542
628	627
628	638
629	484
629	546
629	550
630	608
630	612
630	631
630	636
631	621
631	630
631	635
632	496
632	605
632	607
633	607
633	634
633	636
634	633
634	635
635	631
635	634
635	636
636	606
636	630
636	633
636	635
637	472
637	596
637	619
637	622
638	547
638	551
638	628
638	639
639	537
639	548
639	638
639	641
640	548
640	641
640	643
640	644
641	530
641	531
641	639
641	640
642	526
642	528
642	530
642	536
643	531
643	640
643	645
644	549
644	640
644	645
645	643
645	644
646	264
646	369
646	372
646	391
647	349
647	351
647	648
648	647
649	11
649	12
649	13
649	752
650	8
650	751
650	754
650	756
651	11
651	652
651	752
652	651
652	653
652	753
653	652
653	654
653	774
654	653
654	655
654	662
655	654
655	656
655	661
656	655
656	657
656	663
657	656
657	658
657	660
658	657
658	659
658	664
659	35
659	38
659	658
659	660
660	34
660	657
660	659
660	663
661	655
661	662
661	663
661	775
662	654
662	661
662	774
662	830
663	656
663	660
663	661
663	772
664	38
664	658
664	773
665	57
665	70
665	666
666	665
666	667
666	668
667	69
667	666
668	67
668	69
668	70
668	666
669	64
669	66
669	673
670	64
670	71
670	671
670	673
671	670
671	672
671	674
671	677
672	71
672	92
672	94
672	671
673	669
673	670
673	674
674	671
674	673
674	675
675	674
675	676
675	677
676	675
676	678
676	680
677	94
677	671
677	675
677	678
678	97
678	676
678	677
678	679
679	678
679	680
679	681
679	689
680	676
680	679
680	687
681	679
681	682
681	685
681	687
682	681
682	683
682	684
682	689
683	682
683	690
683	717
683	737
684	682
684	685
684	714
684	717
685	681
685	684
685	686
685	715
686	685
686	687
686	688
687	680
687	681
687	686
688	686
688	715
688	718
689	97
689	679
689	682
689	690
690	95
690	683
690	689
690	723
691	62
691	71
691	88
691	92
692	53
692	58
692	72
692	693
693	52
693	75
693	78
693	692
694	90
694	91
694	165
694	695
695	96
695	121
695	123
695	694
696	115
696	117
696	161
696	163
697	191
697	698
697	699
697	701
698	192
698	193
698	697
698	702
699	697
699	700
699	702
700	49
700	699
700	701
701	50
701	84
701	697
701	700
702	698
702	699
702	703
703	109
703	193
703	702
704	125
704	705
704	707
704	739
705	126
705	704
705	706
705	721
706	705
706	707
706	710
706	722
707	704
707	706
707	708
707	744
708	707
708	709
708	710
709	708
709	742
709	744
710	706
710	708
710	711
711	710
711	712
711	722
712	711
712	713
712	719
713	712
713	714
713	716
713	722
714	684
714	713
714	715
714	721
715	685
715	688
715	714
715	716
716	713
716	715
716	718
716	719
717	126
717	683
717	684
717	721
718	688
718	716
718	720
719	712
719	716
719	720
720	718
720	719
721	705
721	714
721	717
721	722
722	706
722	711
722	713
722	721
723	96
723	123
723	690
723	737
724	178
724	200
724	203
725	47
725	726
725	729
725	735
726	46
726	725
726	727
727	726
727	728
727	729
728	727
728	777
728	778
729	725
729	727
729	730
729	778
730	729
730	731
730	735
730	841
731	730
731	732
731	833
731	836
732	731
732	733
732	735
732	771
733	33
733	732
733	734
733	736
734	26
734	733
734	771
734	779
735	725
735	730
735	732
735	736
736	32
736	47
736	733
736	735
737	124
737	126
737	683
737	723
738	122
738	124
738	127
738	129
739	127
739	704
739	741
739	744
740	130
740	136
740	139
740	741
741	128
741	739
741	740
741	743
742	140
742	709
742	743
743	139
743	741
743	742
743	744
744	707
744	709
744	739
744	743
745	317
745	408
745	746
746	745
746	747
747	317
747	746
747	748
748	318
748	747
749	321
749	750
750	418
750	420
750	749
751	13
751	15
751	650
751	755
752	14
752	649
752	651
752	753
753	652
753	752
753	759
753	774
754	6
754	650
754	757
754	758
755	16
755	751
755	756
755	763
756	650
756	755
756	758
756	762
757	4
757	754
757	760
757	761
758	754
758	756
758	760
758	786
759	14
759	17
759	753
759	783
760	757
760	758
760	787
760	819
761	5
761	757
761	787
762	756
762	763
762	784
762	786
763	755
763	762
763	764
763	820
764	16
764	19
764	763
764	765
765	764
765	766
765	820
765	825
766	19
766	765
766	767
766	781
767	766
767	768
767	825
767	828
768	767
768	769
768	781
768	821
769	768
769	770
769	780
769	822
770	769
770	771
770	779
770	829
771	732
771	734
771	770
771	833
772	27
772	34
772	663
772	775
773	39
773	664
774	653
774	662
774	753
774	783
775	661
775	772
775	776
775	830
776	23
776	27
776	775
776	832
777	728
777	897
777	898
778	728
778	729
778	841
778	898
779	22
779	734
779	770
779	780
780	21
780	769
780	779
780	781
781	20
781	766
781	768
781	780
782	18
782	20
782	24
782	831
783	759
783	774
783	830
783	831
784	762
784	785
784	809
784	820
785	784
785	786
785	792
785	818
786	758
786	762
786	785
786	819
787	760
787	761
787	788
788	787
788	789
788	819
789	788
789	790
789	818
790	789
790	791
790	869
791	790
791	792
791	798
791	818
792	785
792	791
792	793
792	809
793	792
793	794
793	796
793	798
794	793
794	795
794	809
794	810
795	794
795	807
795	808
795	826
796	793
796	797
796	799
796	810
797	796
797	800
797	802
797	803
798	791
798	793
798	799
798	869
799	796
799	798
799	800
799	870
800	797
800	799
800	801
800	868
801	800
801	802
801	866
801	867
802	797
802	801
802	804
802	860
803	797
803	804
803	806
803	810
804	802
804	803
804	805
804	813
805	804
805	806
805	811
805	814
806	803
806	805
806	807
806	817
807	795
807	806
807	810
807	827
808	795
808	809
808	820
808	825
809	784
809	792
809	794
809	808
810	794
810	796
810	803
810	807
811	805
811	812
811	815
811	817
812	811
812	814
812	816
812	852
813	804
813	814
813	858
813	860
814	805
814	812
814	813
814	855
815	811
815	816
815	872
815	878
816	812
816	815
816	848
816	849
817	806
817	811
817	827
817	872
818	785
818	789
818	791
818	819
819	760
819	786
819	788
819	818
820	763
820	765
820	784
820	808
821	768
821	822
821	823
821	828
822	769
822	821
822	829
822	877
823	821
823	824
823	873
823	877
824	823
824	872
824	876
824	878
825	765
825	767
825	808
825	826
826	795
826	825
826	827
826	828
827	807
827	817
827	826
827	873
828	767
828	821
828	826
828	873
829	770
829	822
829	833
829	834
830	662
830	775
830	783
830	832
831	17
831	782
831	783
831	832
832	24
832	776
832	830
832	831
833	731
833	771
833	829
833	835
834	829
834	835
834	843
834	877
835	833
835	834
835	836
835	842
836	731
836	835
836	837
836	841
837	836
837	838
837	840
837	842
838	837
838	839
838	879
838	883
839	838
839	840
839	884
839	899
840	837
840	839
840	841
840	898
841	730
841	778
841	836
841	840
842	835
842	837
842	843
842	879
843	834
843	842
843	844
843	876
844	843
844	845
844	846
844	879
845	844
845	847
845	876
845	878
846	844
846	847
846	880
846	881
847	845
847	846
847	848
847	874
848	816
848	847
848	851
848	878
849	816
849	850
849	851
849	852
850	849
850	853
850	871
851	848
851	849
851	871
851	874
852	812
852	849
852	853
852	855
853	484
853	850
853	852
853	854
854	853
854	855
854	856
855	814
855	852
855	854
855	858
856	854
856	857
856	858
857	856
857	859
857	862
858	813
858	855
858	856
858	859
859	857
859	858
859	860
859	861
860	802
860	813
860	859
860	866
861	859
861	862
861	864
861	866
862	857
862	861
862	863
863	862
863	864
864	861
864	863
864	865
865	864
865	866
865	867
866	801
866	860
866	861
866	865
867	801
867	865
867	868
868	800
868	867
868	870
869	790
869	798
869	870
870	799
870	868
870	869
871	850
871	851
871	875
872	815
872	817
872	824
872	873
873	823
873	827
873	828
873	872
874	847
874	851
874	875
874	881
875	871
875	874
875	882
876	824
876	843
876	845
876	877
877	822
877	823
877	834
877	876
878	815
878	824
878	845
878	848
879	838
879	842
879	844
879	880
880	846
880	879
880	883
880	894
881	846
881	874
881	882
881	894
882	875
882	881
882	893
883	838
883	880
883	884
883	895
884	839
884	883
884	885
884	896
885	884
885	886
885	888
885	899
886	885
886	887
886	890
886	896
887	886
887	888
887	889
888	885
888	887
888	897
889	887
889	890
890	886
890	889
890	891
891	890
891	892
891	896
892	891
892	893
892	895
893	882
893	892
893	894
894	880
894	881
894	893
894	895
895	883
895	892
895	894
895	896
896	884
896	886
896	891
896	895
897	777
897	888
897	899
898	777
898	778
898	840
898	899
899	839
899	885
899	897
899	898
